[INFO]
Keithley 2400
Meas Time: 4/25/2024 7:44:59 PM
Params: GPIB address = GPIB0::24::INSTR; DataFile = C:\Users\mal\Desktop\data\data_1; Compliance  Level (0.1) = 0.100000000000000; Number of Points (5) = 1000; Minimum Amplitude (1) = -5.000000000000000; Maximum Amplitude (2) = 5.000000000000000; Timeout (100000 ms) = 100000; Source Mode  (0: Voltage) = 0; 4-wire? = FALSE; delay(S) = 0.000000000000000; Start = ; 

[COMMENT]


[DATA]
time (s)	Voltage (V)	Current (A)	absCurrent (A)	Fitting Resistance (Ohms)

4404.96679687499999	-5.000486373901367	-7.89338955655694E-5	7.89338955655694E-5	88.760838527007323
4405.00878906249999	-4.99043083190918	-7.889885455369949E-5	7.889885455369949E-5	88.760838527007323
4405.05078124999999	-4.98072624206543	-7.882562931627035E-5	7.882562931627035E-5	88.760838527007323
4405.09277343749999	-4.970680236816406	-7.874448783695698E-5	7.874448783695698E-5	88.760838527007323
4405.13476562499999	-4.960607528686523	-7.867129170335829E-5	7.867129170335829E-5	88.760838527007323
4405.17675781249999	-4.95057487487793	-7.860061305109411E-5	7.860061305109411E-5	88.760838527007323
4405.21874999999999	-4.940502166748047	-7.853019633330405E-5	7.853019633330405E-5	88.760838527007323
4405.26074218749999	-4.930469512939453	-7.846156950108707E-5	7.846156950108707E-5	88.760838527007323
4405.30273437499999	-4.920475006103516	-7.839163299649954E-5	7.839163299649954E-5	88.760838527007323
4405.34472656249999	-4.910455703735352	-7.832574192434549E-5	7.832574192434549E-5	88.760838527007323
4405.38671874999999	-4.900396347045898	-7.824829663150012E-5	7.824829663150012E-5	88.760838527007323
4405.42871093749999	-4.890695571899414	-7.817738514859229E-5	7.817738514859229E-5	88.760838527007323
4405.47070312499999	-4.880643844604492	-7.810667739249766E-5	7.810667739249766E-5	88.760838527007323
4405.51269531249999	-4.870576858520508	-7.803871994838119E-5	7.803871994838119E-5	88.760838527007323
4405.55468749999999	-4.860549926757812	-7.797240687068552E-5	7.797240687068552E-5	88.760838527007323
4405.59667968749999	-4.850507736206055	-7.790297968313098E-5	7.790297968313098E-5	88.760838527007323
4405.63867187499999	-4.840465545654297	-7.783116598147899E-5	7.783116598147899E-5	88.760838527007323
4405.68066406249999	-4.830469131469727	-7.775903213769197E-5	7.775903213769197E-5	88.760838527007323
4405.72265624999999	-4.820432662963867	-7.769542571622878E-5	7.769542571622878E-5	88.760838527007323
4405.76464843749999	-4.810718536376953	-7.763097528368235E-5	7.763097528368235E-5	88.760838527007323
4405.80664062499999	-4.800685882568359	-7.755511614959687E-5	7.755511614959687E-5	88.760838527007323
4405.84863281249999	-4.790605545043945	-7.748257485218346E-5	7.748257485218346E-5	88.760838527007323
4405.89062499999999	-4.780540466308594	-7.742430898360908E-5	7.742430898360908E-5	88.760838527007323
4405.93261718749999	-4.7705078125	-7.735517283435911E-5	7.735517283435911E-5	88.760838527007323
4405.97460937499999	-4.760475158691406	-7.729143544565886E-5	7.729143544565886E-5	88.760838527007323
4406.01660156249999	-4.750146865844727	-7.722259033471346E-5	7.722259033471346E-5	88.760838527007323
4406.05859374999999	-4.740104675292969	-7.715470565017313E-5	7.715470565017313E-5	88.760838527007323
4406.10058593749999	-4.73005485534668	-7.708482735324651E-5	7.708482735324651E-5	88.760838527007323
4406.14257812499999	-4.720001220703125	-7.70173646742478E-5	7.70173646742478E-5	88.760838527007323
4406.18457031249999	-4.709945678710937	-7.694738451391459E-5	7.694738451391459E-5	88.760838527007323
4406.22656249999999	-4.699913024902344	-7.687594916205853E-5	7.687594916205853E-5	88.760838527007323
4406.26855468749999	-4.689853668212891	-7.680289854761213E-5	7.680289854761213E-5	88.760838527007323
4406.31054687499999	-4.680166244506836	-7.674220250919461E-5	7.674220250919461E-5	88.760838527007323
4406.35253906249999	-4.670129776000977	-7.66781740821898E-5	7.66781740821898E-5	88.760838527007323
4406.39453124999999	-4.660133361816406	-7.659842958673835E-5	7.659842958673835E-5	88.760838527007323
4406.43652343749999	-4.650093078613281	-7.653349894098938E-5	7.653349894098938E-5	88.760838527007323
4406.47851562499999	-4.640047073364258	-7.646949961781502E-5	7.646949961781502E-5	88.760838527007323
4406.52050781249999	-4.6300048828125	-7.639823888894171E-5	7.639823888894171E-5	88.760838527007323
4406.56249999999999	-4.619922637939453	-7.633192581124604E-5	7.633192581124604E-5	88.760838527007323
4406.60449218749999	-4.609893798828125	-7.626360456924886E-5	7.626360456924886E-5	88.760838527007323
4406.64648437499999	-4.600168228149414	-7.619391544722021E-5	7.619391544722021E-5	88.760838527007323
4406.68847656249999	-4.59013557434082	-7.612787885591388E-5	7.612787885591388E-5	88.760838527007323
4406.73046874999999	-4.58015251159668	-7.605989230796695E-5	7.605989230796695E-5	88.760838527007323
4406.77246093749999	-4.57011604309082	-7.59862014092505E-5	7.59862014092505E-5	88.760838527007323
4406.81445312499999	-4.560050964355469	-7.592800830025226E-5	7.592800830025226E-5	88.760838527007323
4406.85644531249999	-4.549991607666016	-7.585721323266625E-5	7.585721323266625E-5	88.760838527007323
4406.89843749999999	-4.539945602416992	-7.578879012726247E-5	7.578879012726247E-5	88.760838527007323
4406.94042968749999	-4.529909133911133	-7.572154572699219E-5	7.572154572699219E-5	88.760838527007323
4406.98242187499999	-4.519886016845703	-7.564995030406862E-5	7.564995030406862E-5	88.760838527007323
4407.02441406249999	-4.510181427001953	-7.558935612905771E-5	7.558935612905771E-5	88.760838527007323
4407.06640624999999	-4.5001220703125	-7.551812450401485E-5	7.551812450401485E-5	88.760838527007323
4407.10742187499999	-4.490129470825195	-7.545297557953745E-5	7.545297557953745E-5	88.760838527007323
4407.14941406249999	-4.480106353759766	-7.538324280176312E-5	7.538324280176312E-5	88.760838527007323
4407.19140624999999	-4.470067977905273	-7.531652227044106E-5	7.531652227044106E-5	88.760838527007323
4407.23339843749999	-4.460014343261719	-7.52453925088048E-5	7.52453925088048E-5	88.760838527007323
4407.27539062499999	-4.449941635131836	-7.517168705817312E-5	7.517168705817312E-5	88.760838527007323
4407.31738281249999	-4.439895629882812	-7.510387513320893E-5	7.510387513320893E-5	88.760838527007323
4407.35937499999999	-4.430181503295898	-7.503529195673764E-5	7.503529195673764E-5	88.760838527007323
4407.40136718749999	-4.420122146606445	-7.497261685784906E-5	7.497261685784906E-5	88.760838527007323
4407.44335937499999	-4.410076141357422	-7.490317511837929E-5	7.490317511837929E-5	88.760838527007323
4407.48535156249999	-4.400106430053711	-7.483435911126435E-5	7.483435911126435E-5	88.760838527007323
4407.52734374999999	-4.390047073364258	-7.477244071196765E-5	7.477244071196765E-5	88.760838527007323
4407.56933593749999	-4.380010604858398	-7.47055746614933E-5	7.47055746614933E-5	88.760838527007323
4407.61132812499999	-4.369943618774414	-7.463587098754942E-5	7.463587098754942E-5	88.760838527007323
4407.65332031249999	-4.359891891479492	-7.456762250512838E-5	7.456762250512838E-5	88.760838527007323
4407.69531249999999	-4.349868774414062	-7.450107659678906E-5	7.450107659678906E-5	88.760838527007323
4407.73730468749999	-4.340167999267578	-7.443946378771216E-5	7.443946378771216E-5	88.760838527007323
4407.77929687499999	-4.330087661743164	-7.436626765411347E-5	7.436626765411347E-5	88.760838527007323
4407.82128906249999	-4.320112228393555	-7.429510878864676E-5	7.429510878864676E-5	88.760838527007323
4407.86328124999999	-4.31007194519043	-7.422504131682217E-5	7.422504131682217E-5	88.760838527007323
4407.90527343749999	-4.300033569335937	-7.415705476887524E-5	7.415705476887524E-5	88.760838527007323
4407.94726562499999	-4.290000915527344	-7.409548561554402E-5	7.409548561554402E-5	88.760838527007323
4407.98925781249999	-4.279914855957031	-7.402528717648238E-5	7.402528717648238E-5	88.760838527007323
4408.03124999999999	-4.269865036010742	-7.395533611997962E-5	7.395533611997962E-5	88.760838527007323
4408.07324218749999	-4.259490966796875	-7.387869118247181E-5	7.387869118247181E-5	88.760838527007323
4408.11523437499999	-4.249414443969727	-7.381482282653451E-5	7.381482282653451E-5	88.760838527007323
4408.15722656249999	-4.239372253417969	-7.374634151346982E-5	7.374634151346982E-5	88.760838527007323
4408.19921874999999	-4.229408264160156	-7.367378566414118E-5	7.367378566414118E-5	88.760838527007323
4408.24121093749999	-4.21934700012207	-7.360335439443588E-5	7.360335439443588E-5	88.760838527007323
4408.28320312499999	-4.209648132324219	-7.35441135475412E-5	7.35441135475412E-5	88.760838527007323
4408.32519531249999	-4.1995849609375	-7.347133941948414E-5	7.347133941948414E-5	88.760838527007323
4408.36718749999999	-4.189556121826172	-7.340661250054836E-5	7.340661250054836E-5	88.760838527007323
4408.40917968749999	-4.179523468017578	-7.333552639465779E-5	7.333552639465779E-5	88.760838527007323
4408.45117187499999	-4.169454574584961	-7.327368075493723E-5	7.327368075493723E-5	88.760838527007323
4408.49316406249999	-4.15943717956543	-7.319774886127561E-5	7.319774886127561E-5	88.760838527007323
4408.53515624999999	-4.149415969848633	-7.313043170142919E-5	7.313043170142919E-5	88.760838527007323
4408.57714843749999	-4.139398574829102	-7.305790495593101E-5	7.305790495593101E-5	88.760838527007323
4408.61914062499999	-4.129667282104492	-7.29986495571211E-5	7.29986495571211E-5	88.760838527007323
4408.66113281249999	-4.119638442993164	-7.292923692148179E-5	7.292923692148179E-5	88.760838527007323
4408.70312499999999	-4.109546661376953	-7.286710024345666E-5	7.286710024345666E-5	88.760838527007323
4408.74511718749999	-4.099479675292969	-7.279576675500721E-5	7.279576675500721E-5	88.760838527007323
4408.78710937499999	-4.089450836181641	-7.272679067682475E-5	7.272679067682475E-5	88.760838527007323
4408.82910156249999	-4.079387664794922	-7.265698513947427E-5	7.265698513947427E-5	88.760838527007323
4408.87109374999999	-4.069360733032227	-7.258375990204513E-5	7.258375990204513E-5	88.760838527007323
4408.91308593749999	-4.059377670288086	-7.251367787830532E-5	7.251367787830532E-5	88.760838527007323
4408.95410156249999	-4.049676895141602	-7.244729204103351E-5	7.244729204103351E-5	88.760838527007323
4408.99609374999999	-4.039600372314453	-7.238207035697997E-5	7.238207035697997E-5	88.760838527007323
4409.03808593749999	-4.029565811157227	-7.231484050862491E-5	7.231484050862491E-5	88.760838527007323
4409.08007812499999	-4.019512176513672	-7.224534056149423E-5	7.224534056149423E-5	88.760838527007323
4409.12207031249999	-4.009466171264648	-7.217944948934019E-5	7.217944948934019E-5	88.760838527007323
4409.16406249999999	-3.99943733215332	-7.211093907244504E-5	7.211093907244504E-5	88.760838527007323
4409.20605468749999	-3.989414215087891	-7.204461144283414E-5	7.204461144283414E-5	88.760838527007323
4409.24804687499999	-3.979404449462891	-7.197471859399229E-5	7.197471859399229E-5	88.760838527007323
4409.29003906249999	-3.969371795654297	-7.190424366854131E-5	7.190424366854131E-5	88.760838527007323
4409.33203124999999	-3.959659576416016	-7.183598063420504E-5	7.183598063420504E-5	88.760838527007323
4409.37402343749999	-3.949607849121094	-7.176562212407589E-5	7.176562212407589E-5	88.760838527007323
4409.41601562499999	-3.939552307128906	-7.169684977270663E-5	7.169684977270663E-5	88.760838527007323
4409.45800781249999	-3.929489135742187	-7.162822294048965E-5	7.162822294048965E-5	88.760838527007323
4409.49999999999999	-3.919460296630859	-7.156241917982697E-5	7.156241917982697E-5	88.760838527007323
4409.54199218749999	-3.909402847290039	-7.148704025894403E-5	7.148704025894403E-5	88.760838527007323
4409.58398437499999	-3.899341583251953	-7.142142567317933E-5	7.142142567317933E-5	88.760838527007323
4409.62597656249999	-3.889358520507812	-7.135015039239079E-5	7.135015039239079E-5	88.760838527007323
4409.66796874999999	-3.879680633544922	-7.128514698706567E-5	7.128514698706567E-5	88.760838527007323
4409.70996093749999	-3.869636535644531	-7.121561793610454E-5	7.121561793610454E-5	88.760838527007323
4409.75195312499999	-3.859577178955078	-7.115238986443728E-5	7.115238986443728E-5	88.760838527007323
4409.79394531249999	-3.849527359008789	-7.108395220711827E-5	7.108395220711827E-5	88.760838527007323
4409.83593749999999	-3.839519500732422	-7.101883238647133E-5	7.101883238647133E-5	88.760838527007323
4409.87792968749999	-3.829465866088867	-7.094333705026656E-5	7.094333705026656E-5	88.760838527007323
4409.91992187499999	-3.819414138793945	-7.087606354616582E-5	7.087606354616582E-5	88.760838527007323
4409.96191406249999	-3.809427261352539	-7.080868817865849E-5	7.080868817865849E-5	88.760838527007323
4410.00390624999999	-3.79939079284668	-7.073223241604865E-5	7.073223241604865E-5	88.760838527007323
4410.04589843749999	-3.78965950012207	-7.066619582474232E-5	7.066619582474232E-5	88.760838527007323
4410.08789062499999	-3.779607772827148	-7.059957715682685E-5	7.059957715682685E-5	88.760838527007323
4410.12988281249999	-3.768901824951172	-7.0530193625018E-5	7.0530193625018E-5	88.760838527007323
4410.17187499999999	-3.758838653564453	-7.045561505947262E-5	7.045561505947262E-5	88.760838527007323
4410.21386718749999	-3.749111175537109	-7.038834155537188E-5	7.038834155537188E-5	88.760838527007323
4410.25585937499999	-3.739078521728516	-7.032525900285691E-5	7.032525900285691E-5	88.760838527007323
4410.29785156249999	-3.729038238525391	-7.02506658853963E-5	7.02506658853963E-5	88.760838527007323
4410.33984374999999	-3.719032287597656	-7.018088945187628E-5	7.018088945187628E-5	88.760838527007323
4410.38183593749999	-3.709009170532227	-7.011739944573492E-5	7.011739944573492E-5	88.760838527007323
4410.42382812499999	-3.698945999145508	-7.004560029599816E-5	7.004560029599816E-5	88.760838527007323
4410.46582031249999	-3.688913345336914	-6.997062882874161E-5	6.997062882874161E-5	88.760838527007323
4410.50781249999999	-3.678852081298828	-6.989910616539419E-5	6.989910616539419E-5	88.760838527007323
4410.54980468749999	-3.669147491455078	-6.983823550399393E-5	6.983823550399393E-5	88.760838527007323
4410.59179687499999	-3.659112930297852	-6.976936128921807E-5	6.976936128921807E-5	88.760838527007323
4410.63378906249999	-3.649074554443359	-6.9694739067927E-5	6.9694739067927E-5	88.760838527007323
4410.67578124999999	-3.638978958129883	-6.962443876545876E-5	6.962443876545876E-5	88.760838527007323
4410.71777343749999	-3.629011154174805	-6.955722346901894E-5	6.955722346901894E-5	88.760838527007323
4410.75976562499999	-3.618959426879883	-6.948519148863852E-5	6.948519148863852E-5	88.760838527007323
4410.80175781249999	-3.608922958374023	-6.941775791347027E-5	6.941775791347027E-5	88.760838527007323
4410.84374999999999	-3.598897933959961	-6.934802513569593E-5	6.934802513569593E-5	88.760838527007323
4410.88476562499999	-3.588813781738281	-6.927915092092007E-5	6.927915092092007E-5	88.760838527007323
4410.92675781249999	-3.579093933105469	-6.921686872374266E-5	6.921686872374266E-5	88.760838527007323
4410.96874999999999	-3.569070816040039	-6.91450695740059E-5	6.91450695740059E-5	88.760838527007323
4411.01074218749999	-3.559011459350586	-6.907606439199299E-5	6.907606439199299E-5	88.760838527007323
4411.05273437499999	-3.549032211303711	-6.900652078911662E-5	6.900652078911662E-5	88.760838527007323
4411.09472656249999	-3.539009094238281	-6.894051330164075E-5	6.894051330164075E-5	88.760838527007323
4411.13671874999999	-3.528938293457031	-6.886785558890551E-5	6.886785558890551E-5	88.760838527007323
4411.17871093749999	-3.518899917602539	-6.87977735651657E-5	6.87977735651657E-5	88.760838527007323
4411.22070312499999	-3.50883674621582	-6.873310485389084E-5	6.873310485389084E-5	88.760838527007323
4411.26269531249999	-3.49913215637207	-6.866411422379315E-5	6.866411422379315E-5	88.760838527007323
4411.30468749999999	-3.489059448242187	-6.859544373583049E-5	6.859544373583049E-5	88.760838527007323
4411.34667968749999	-3.479036331176758	-6.852071965113282E-5	6.852071965113282E-5	88.760838527007323
4411.38867187499999	-3.468994140625	-6.846450560260564E-5	6.846450560260564E-5	88.760838527007323
4411.43066406249999	-3.458988189697266	-6.839436537120491E-5	6.839436537120491E-5	88.760838527007323
4411.47265624999999	-3.448968887329102	-6.832918734289706E-5	6.832918734289706E-5	88.760838527007323
4411.51464843749999	-3.438919067382812	-6.825024320278317E-5	6.825024320278317E-5	88.760838527007323
4411.55664062499999	-3.428863525390625	-6.81848032400012E-5	6.81848032400012E-5	88.760838527007323
4411.59863281249999	-3.418787002563477	-6.811443017795682E-5	6.811443017795682E-5	88.760838527007323
4411.64062499999999	-3.409076690673828	-6.805024167988449E-5	6.805024167988449E-5	88.760838527007323
4411.68261718749999	-3.399057388305664	-6.797573587391526E-5	6.797573587391526E-5	88.760838527007323
4411.72460937499999	-3.389007568359375	-6.790748739149421E-5	6.790748739149421E-5	88.760838527007323
4411.76660156249999	-3.379011154174805	-6.783107528463006E-5	6.783107528463006E-5	88.760838527007323
4411.80859374999999	-3.368978500366211	-6.776381633244455E-5	6.776381633244455E-5	88.760838527007323
4411.85058593749999	-3.358909606933594	-6.769647006876767E-5	6.769647006876767E-5	88.760838527007323
4411.89257812499999	-3.348865509033203	-6.76249765092507E-5	6.76249765092507E-5	88.760838527007323
4411.93457031249999	-3.338809967041016	-6.755090726073831E-5	6.755090726073831E-5	88.760838527007323
4411.97656249999999	-3.32908821105957	-6.748700980097055E-5	6.748700980097055E-5	88.760838527007323
4412.01855468749999	-3.319051742553711	-6.742138066329062E-5	6.742138066329062E-5	88.760838527007323
4412.06054687499999	-3.309017181396484	-6.735461647622287E-5	6.735461647622287E-5	88.760838527007323
4412.10253906249999	-3.298954010009766	-6.728048902004957E-5	6.728048902004957E-5	88.760838527007323
4412.14453124999999	-3.288984298706055	-6.721456884406507E-5	6.721456884406507E-5	88.760838527007323
4412.18652343749999	-3.27894401550293	-6.714393384754658E-5	6.714393384754658E-5	88.760838527007323
4412.22851562499999	-3.268579483032227	-6.707427382934839E-5	6.707427382934839E-5	88.760838527007323
4412.27050781249999	-3.25853157043457	-6.700318772345781E-5	6.700318772345781E-5	88.760838527007323
4412.31249999999999	-3.248418807983398	-6.693119939882308E-5	6.693119939882308E-5	88.760838527007323
4412.35449218749999	-3.238412857055664	-6.686095730401576E-5	6.686095730401576E-5	88.760838527007323
4412.39648437499999	-3.228376388549805	-6.678748468402773E-5	6.678748468402773E-5	88.760838527007323
4412.43847656249999	-3.218334197998047	-6.671740266028792E-5	6.671740266028792E-5	88.760838527007323
4412.48046874999999	-3.208347320556641	-6.664515240117908E-5	6.664515240117908E-5	88.760838527007323
4412.52246093749999	-3.198635101318359	-6.657773337792605E-5	6.657773337792605E-5	88.760838527007323
4412.56445312499999	-3.188566207885742	-6.65065017528832E-5	6.65065017528832E-5	88.760838527007323
4412.60644531249999	-3.178510665893555	-6.64372491883114E-5	6.64372491883114E-5	88.760838527007323
4412.64843749999999	-3.168468475341797	-6.636764737777412E-5	6.636764737777412E-5	88.760838527007323
4412.69042968749999	-3.158422470092773	-6.629184645134956E-5	6.629184645134956E-5	88.760838527007323
4412.73242187499999	-3.148387908935547	-6.622009095735848E-5	6.622009095735848E-5	88.760838527007323
4412.77441406249999	-3.138355255126953	-6.615232268813998E-5	6.615232268813998E-5	88.760838527007323
4412.81640624999999	-3.128303527832031	-6.608084368053824E-5	6.608084368053824E-5	88.760838527007323
4412.85839843749999	-3.118667602539062	-6.60133664496243E-5	6.60133664496243E-5	88.760838527007323
4412.90039062499999	-3.10862922668457	-6.593586294911802E-5	6.593586294911802E-5	88.760838527007323
4412.94140624999999	-3.098569869995117	-6.587020470760763E-5	6.587020470760763E-5	88.760838527007323
4412.98339843749999	-3.088527679443359	-6.579556793440133E-5	6.579556793440133E-5	88.760838527007323
4413.02539062499999	-3.078451156616211	-6.572462734766304E-5	6.572462734766304E-5	88.760838527007323
4413.06738281249999	-3.068408966064453	-6.565402145497501E-5	6.565402145497501E-5	88.760838527007323
4413.10937499999999	-3.058359146118164	-6.558133463840932E-5	6.558133463840932E-5	88.760838527007323
4413.15136718749999	-3.048303604125977	-6.551369733642787E-5	6.551369733642787E-5	88.760838527007323
4413.19335937499999	-3.038320541381836	-6.543991912622005E-5	6.543991912622005E-5	88.760838527007323
4413.23535156249999	-3.028581619262695	-6.53754104860127E-5	6.53754104860127E-5	88.760838527007323
4413.27734374999999	-3.018539428710937	-6.530230166390538E-5	6.530230166390538E-5	88.760838527007323
4413.31933593749999	-3.008493423461914	-6.523045885842294E-5	6.523045885842294E-5	88.760838527007323
4413.36132812499999	-2.998462677001953	-6.515871791634709E-5	6.515871791634709E-5	88.760838527007323
4413.40332031249999	-2.988384246826172	-6.509482045657933E-5	6.509482045657933E-5	88.760838527007323
4413.44531249999999	-2.978351593017578	-6.502216274384409E-5	6.502216274384409E-5	88.760838527007323
4413.48730468749999	-2.968311309814453	-6.495325942523777E-5	6.495325942523777E-5	88.760838527007323
4413.52929687499999	-2.958269119262695	-6.488086364697665E-5	6.488086364697665E-5	88.760838527007323
4413.57128906249999	-2.948627471923828	-6.481130549218506E-5	6.481130549218506E-5	88.760838527007323
4413.61328124999999	-2.938602447509766	-6.473914254456759E-5	6.473914254456759E-5	88.760838527007323
4413.65527343749999	-2.928535461425781	-6.466796912718564E-5	6.466796912718564E-5	88.760838527007323
4413.69726562499999	-2.918512344360352	-6.460034637711942E-5	6.460034637711942E-5	88.760838527007323
4413.73925781249999	-2.908424377441406	-6.452191155403852E-5	6.452191155403852E-5	88.760838527007323
4413.78124999999999	-2.898378372192383	-6.445289182011038E-5	6.445289182011038E-5	88.760838527007323
4413.82324218749999	-2.888324737548828	-6.438298441935331E-5	6.438298441935331E-5	88.760838527007323
4413.86523437499999	-2.878292083740234	-6.431137444451451E-5	6.431137444451451E-5	88.760838527007323
4413.90722656249999	-2.868227005004883	-6.423887680284679E-5	6.423887680284679E-5	88.760838527007323
4413.94921874999999	-2.858560562133789	-6.417112308554351E-5	6.417112308554351E-5	88.760838527007323
4413.99121093749999	-2.848531723022461	-6.410067726392299E-5	6.410067726392299E-5	88.760838527007323
4414.03320312499999	-2.838459014892578	-6.402956205420196E-5	6.402956205420196E-5	88.760838527007323
4414.07519531249999	-2.828420639038086	-6.39579666312784E-5	6.39579666312784E-5	88.760838527007323
4414.11718749999999	-2.818374633789062	-6.388845213223249E-5	6.388845213223249E-5	88.760838527007323
4414.15917968749999	-2.808347702026367	-6.381896673701704E-5	6.381896673701704E-5	88.760838527007323
4414.20117187499999	-2.79827880859375	-6.374654185492545E-5	6.374654185492545E-5	88.760838527007323
4414.24316406249999	-2.788248062133789	-6.367359310388565E-5	6.367359310388565E-5	88.760838527007323
4414.28515624999999	-2.778614044189453	-6.360208499245346E-5	6.360208499245346E-5	88.760838527007323
4414.32714843749999	-2.767904281616211	-6.352270429488271E-5	6.352270429488271E-5	88.760838527007323
4414.36914062499999	-2.757858276367187	-6.345188012346625E-5	6.345188012346625E-5	88.760838527007323
4414.41113281249999	-2.747798919677734	-6.338057573884726E-5	6.338057573884726E-5	88.760838527007323
4414.45312499999999	-2.738039016723633	-6.330852920655161E-5	6.330852920655161E-5	88.760838527007323
4414.49511718749999	-2.728012084960937	-6.323982961475849E-5	6.323982961475849E-5	88.760838527007323
4414.53710937499999	-2.717926025390625	-6.317153747659177E-5	6.317153747659177E-5	88.760838527007323
4414.57910156249999	-2.707901000976562	-6.310270691756159E-5	6.310270691756159E-5	88.760838527007323
4414.62109374999999	-2.697866439819336	-6.301963003352284E-5	6.301963003352284E-5	88.760838527007323
4414.66308593749999	-2.687864303588867	-6.294489139690995E-5	6.294489139690995E-5	88.760838527007323
4414.70507812499999	-2.677814483642578	-6.287147698458284E-5	6.287147698458284E-5	88.760838527007323
4414.74707031249999	-2.667764663696289	-6.279937224462628E-5	6.279937224462628E-5	88.760838527007323
4414.78906249999999	-2.657703399658203	-6.272531754802912E-5	6.272531754802912E-5	88.760838527007323
4414.83105468749999	-2.648017883300781	-6.265277625061572E-5	6.265277625061572E-5	88.760838527007323
4414.87304687499999	-2.637985229492187	-6.257793575059623E-5	6.257793575059623E-5	88.760838527007323
4414.91503906249999	-2.6279296875	-6.250236765481532E-5	6.250236765481532E-5	88.760838527007323
4414.95703124999999	-2.617912292480469	-6.243177631404251E-5	6.243177631404251E-5	88.760838527007323
4414.99902343749999	-2.607900619506836	-6.235986074898392E-5	6.235986074898392E-5	88.760838527007323
4415.04101562499999	-2.597890853881836	-6.22822844889015E-5	6.22822844889015E-5	88.760838527007323
4415.08300781249999	-2.587858200073242	-6.220997602213174E-5	6.220997602213174E-5	88.760838527007323
4415.12499999999999	-2.577791213989258	-6.21350045548752E-5	6.21350045548752E-5	88.760838527007323
4415.16699218749999	-2.568044662475586	-6.206402031239122E-5	6.206402031239122E-5	88.760838527007323
4415.20898437499999	-2.557981491088867	-6.198733171913773E-5	6.198733171913773E-5	88.760838527007323
4415.25097656249999	-2.547952651977539	-6.191240390762687E-5	6.191240390762687E-5	88.760838527007323
4415.29296874999999	-2.537935256958008	-6.183760706335306E-5	6.183760706335306E-5	88.760838527007323
4415.33398437499999	-2.527866363525391	-6.176691385917366E-5	6.176691385917366E-5	88.760838527007323
4415.37597656249999	-2.517904281616211	-6.169590051285923E-5	6.169590051285923E-5	88.760838527007323
4415.41796874999999	-2.507844924926758	-6.162106001283973E-5	6.162106001283973E-5	88.760838527007323
4415.45996093749999	-2.497791290283203	-6.154846050776541E-5	6.154846050776541E-5	88.760838527007323
4415.50195312499999	-2.487739562988281	-6.147868407424539E-5	6.147868407424539E-5	88.760838527007323
4415.54394531249999	-2.478057861328125	-6.140801997389644E-5	6.140801997389644E-5	88.760838527007323
4415.58593749999999	-2.468038558959961	-6.133101123850793E-5	6.133101123850793E-5	88.760838527007323
4415.62792968749999	-2.457975387573242	-6.125967775005847E-5	6.125967775005847E-5	88.760838527007323
4415.66992187499999	-2.447935104370117	-6.118138844612986E-5	6.118138844612986E-5	88.760838527007323
4415.71191406249999	-2.437936782836914	-6.111142283771187E-5	6.111142283771187E-5	88.760838527007323
4415.75390624999999	-2.427900314331055	-6.103780469857156E-5	6.103780469857156E-5	88.760838527007323
4415.79589843749999	-2.417850494384766	-6.096223660279065E-5	6.096223660279065E-5	88.760838527007323
4415.83789062499999	-2.407781600952148	-6.088336522225291E-5	6.088336522225291E-5	88.760838527007323
4415.87988281249999	-2.398080825805664	-6.081722676753998E-5	6.081722676753998E-5	88.760838527007323
4415.92187499999999	-2.388021469116211	-6.074305565562099E-5	6.074305565562099E-5	88.760838527007323
4415.96386718749999	-2.377954483032227	-6.066999048925936E-5	6.066999048925936E-5	88.760838527007323
4416.00585937499999	-2.367925643920898	-6.059263250790536E-5	6.059263250790536E-5	88.760838527007323
4416.04785156249999	-2.357885360717773	-6.052205571904778E-5	6.052205571904778E-5	88.760838527007323
4416.08984374999999	-2.347892761230469	-6.04515807935968E-5	6.04515807935968E-5	88.760838527007323
4416.13183593749999	-2.337820053100586	-6.038007268216461E-5	6.038007268216461E-5	88.760838527007323
4416.17382812499999	-2.327787399291992	-6.030497024767101E-5	6.030497024767101E-5	88.760838527007323
4416.21582031249999	-2.317724227905273	-6.02343789068982E-5	6.02343789068982E-5	88.760838527007323
4416.25781249999999	-2.308019638061523	-6.016368570271879E-5	6.016368570271879E-5	88.760838527007323
4416.29980468749999	-2.298000335693359	-6.008853961247951E-5	6.008853961247951E-5	88.760838527007323
4416.34179687499999	-2.287958145141602	-6.001513975206763E-5	6.001513975206763E-5	88.760838527007323
4416.38378906249999	-2.277904510498047	-5.993871309328824E-5	5.993871309328824E-5	88.760838527007323
4416.42578124999999	-2.267568588256836	-5.986045289319009E-5	5.986045289319009E-5	88.760838527007323
4416.46777343749999	-2.257501602172852	-5.978558328934014E-5	5.978558328934014E-5	88.760838527007323
4416.50976562499999	-2.247478485107422	-5.971068458165973E-5	5.971068458165973E-5	88.760838527007323
4416.55175781249999	-2.237428665161133	-5.963514558970928E-5	5.963514558970928E-5	88.760838527007323
4416.59374999999999	-2.227397918701172	-5.956148379482329E-5	5.956148379482329E-5	88.760838527007323
4416.63574218749999	-2.217302322387695	-5.948921898379922E-5	5.948921898379922E-5	88.760838527007323
4416.67773437499999	-2.207267761230469	-5.94145676586777E-5	5.94145676586777E-5	88.760838527007323
4416.71972656249999	-2.19725227355957	-5.933889769949019E-5	5.933889769949019E-5	88.760838527007323
4416.76171874999999	-2.187517166137695	-5.926071025896817E-5	5.926071025896817E-5	88.760838527007323
4416.80371093749999	-2.177539825439453	-5.91868010815233E-5	5.91868010815233E-5	88.760838527007323
4416.84570312499999	-2.167503356933594	-5.911239713896066E-5	5.911239713896066E-5	88.760838527007323
4416.88769531249999	-2.157447814941406	-5.90345443924889E-5	5.90345443924889E-5	88.760838527007323
4416.92968749999999	-2.14738655090332	-5.89578557992354E-5	5.89578557992354E-5	88.760838527007323
4416.97167968749999	-2.137332916259766	-5.888419400434941E-5	5.888419400434941E-5	88.760838527007323
4417.01367187499999	-2.127323150634766	-5.881246761418879E-5	5.881246761418879E-5	88.760838527007323
4417.05566406249999	-2.117259979248047	-5.873378540854901E-5	5.873378540854901E-5	88.760838527007323
4417.09765624999999	-2.107219696044922	-5.865753337275237E-5	5.865753337275237E-5	88.760838527007323
4417.13964843749999	-2.097494125366211	-5.858294025529176E-5	5.858294025529176E-5	88.760838527007323
4417.18164062499999	-2.087497711181641	-5.850804154761136E-5	5.850804154761136E-5	88.760838527007323
4417.22363281249999	-2.07745361328125	-5.843168764840811E-5	5.843168764840811E-5	88.760838527007323
4417.26562499999999	-2.067411422729492	-5.835613410454243E-5	5.835613410454243E-5	88.760838527007323
4417.30761718749999	-2.057373046875	-5.828398570884019E-5	5.828398570884019E-5	88.760838527007323
4417.34960937499999	-2.047279357910156	-5.819639773108065E-5	5.819639773108065E-5	88.760838527007323
4417.39160156249999	-2.037263870239258	-5.812027666252106E-5	5.812027666252106E-5	88.760838527007323
4417.43359374999999	-2.02717399597168	-5.80463238293305E-5	5.80463238293305E-5	88.760838527007323
4417.47558593749999	-2.017488479614258	-5.79702464165166E-5	5.79702464165166E-5	88.760838527007323
4417.51660156249999	-2.007511138916016	-5.789649731013924E-5	5.789649731013924E-5	88.760838527007323
4417.55859374999999	-1.997470855712891	-5.781823711004108E-5	5.781823711004108E-5	88.760838527007323
4417.60058593749999	-1.987394332885742	-5.774182500317693E-5	5.774182500317693E-5	88.760838527007323
4417.64257812499999	-1.977378845214844	-5.766273534391075E-5	5.766273534391075E-5	88.760838527007323
4417.68457031249999	-1.967292785644531	-5.758809857070446E-5	5.758809857070446E-5	88.760838527007323
4417.72656249999999	-1.957250595092773	-5.751046410296112E-5	5.751046410296112E-5	88.760838527007323
4417.76855468749999	-1.947195053100586	-5.743357178289443E-5	5.743357178289443E-5	88.760838527007323
4417.81054687499999	-1.937170028686523	-5.73538854951039E-5	5.73538854951039E-5	88.760838527007323
4417.85253906249999	-1.927459716796875	-5.728100950364023E-5	5.728100950364023E-5	88.760838527007323
4417.89453124999999	-1.917482376098633	-5.720272019971162E-5	5.720272019971162E-5	88.760838527007323
4417.93652343749999	-1.907449722290039	-5.712249549105763E-5	5.712249549105763E-5	88.760838527007323
4417.97851562499999	-1.897411346435547	-5.704679642803967E-5	5.704679642803967E-5	88.760838527007323
4418.02050781249999	-1.887378692626953	-5.696700827684253E-5	5.696700827684253E-5	88.760838527007323
4418.06249999999999	-1.877252578735352	-5.689146928489208E-5	5.689146928489208E-5	88.760838527007323
4418.10449218749999	-1.867244720458984	-5.681223410647362E-5	5.681223410647362E-5	88.760838527007323
4418.14648437499999	-1.857196807861328	-5.673726263921708E-5	5.673726263921708E-5	88.760838527007323
4418.18847656249999	-1.847497940063477	-5.666217475663871E-5	5.666217475663871E-5	88.760838527007323
4418.23046874999999	-1.837514877319336	-5.658304144162685E-5	5.658304144162685E-5	88.760838527007323
4418.27246093749999	-1.827486038208008	-5.650610546581447E-5	5.650610546581447E-5	88.760838527007323
4418.31445312499999	-1.817407608032227	-5.642836913466454E-5	5.642836913466454E-5	88.760838527007323
4418.35644531249999	-1.807363510131836	-5.6350530940108E-5	5.6350530940108E-5	88.760838527007323
4418.39843749999999	-1.79728889465332	-5.627259088214487E-5	5.627259088214487E-5	88.760838527007323
4418.44042968749999	-1.787267684936523	-5.619738658424467E-5	5.619738658424467E-5	88.760838527007323
4418.48242187499999	-1.777233123779297	-5.611576489172876E-5	5.611576489172876E-5	88.760838527007323
4418.52441406249999	-1.766866683959961	-5.60335029149428E-5	5.60335029149428E-5	88.760838527007323
4418.56640624999999	-1.756782531738281	-5.595396214630455E-5	5.595396214630455E-5	88.760838527007323
4418.60839843749999	-1.746831893920898	-5.587817577179521E-5	5.587817577179521E-5	88.760838527007323
4418.65039062499999	-1.736783981323242	-5.579426942858845E-5	5.579426942858845E-5	88.760838527007323
4418.69238281249999	-1.726726531982422	-5.571628571487963E-5	5.571628571487963E-5	88.760838527007323
4418.73437499999999	-1.717006683349609	-5.564097955357283E-5	5.564097955357283E-5	88.760838527007323
4418.77636718749999	-1.706924438476562	-5.556084215641022E-5	5.556084215641022E-5	88.760838527007323
4418.81835937499999	-1.696903228759766	-5.547913315240294E-5	5.547913315240294E-5	88.760838527007323
4418.86035156249999	-1.686845779418945	-5.540050915442407E-5	5.540050915442407E-5	88.760838527007323
4418.90234374999999	-1.676803588867187	-5.532028444577008E-5	5.532028444577008E-5	88.760838527007323
4418.94433593749999	-1.666814804077148	-5.524007428903133E-5	5.524007428903133E-5	88.760838527007323
4418.98632812499999	-1.656780242919922	-5.516267265193164E-5	5.516267265193164E-5	88.760838527007323
4419.02832031249999	-1.646707534790039	-5.508480535354465E-5	5.508480535354465E-5	88.760838527007323
4419.07031249999999	-1.636989593505859	-5.500674888025969E-5	5.500674888025969E-5	88.760838527007323
4419.11230468749999	-1.626916885375977	-5.492732452694327E-5	5.492732452694327E-5	88.760838527007323
4419.15429687499999	-1.616880416870117	-5.485113069880754E-5	5.485113069880754E-5	88.760838527007323
4419.19628906249999	-1.606840133666992	-5.477115337271243E-5	5.477115337271243E-5	88.760838527007323
4419.23828124999999	-1.596807479858398	-5.468956078402698E-5	5.468956078402698E-5	88.760838527007323
4419.28027343749999	-1.586767196655273	-5.461186810862273E-5	5.461186810862273E-5	88.760838527007323
4419.32226562499999	-1.576787948608398	-5.452870391309261E-5	5.452870391309261E-5	88.760838527007323
4419.36425781249999	-1.566740036010742	-5.444842099677771E-5	5.444842099677771E-5	88.760838527007323
4419.40624999999999	-1.556695938110352	-5.436880746856332E-5	5.436880746856332E-5	88.760838527007323
4419.44726562499999	-1.547000885009766	-5.429265729617327E-5	5.429265729617327E-5	88.760838527007323
4419.48925781249999	-1.536909103393555	-5.421046807896346E-5	5.421046807896346E-5	88.760838527007323
4419.53124999999999	-1.526870727539062	-5.412833706941456E-5	5.412833706941456E-5	88.760838527007323
4419.57324218749999	-1.516813278198242	-5.404981493484229E-5	5.404981493484229E-5	88.760838527007323
4419.61523437499999	-1.506784439086914	-5.396651977207512E-5	5.396651977207512E-5	88.760838527007323
4419.65722656249999	-1.496784210205078	-5.388114368543029E-5	5.388114368543029E-5	88.760838527007323
4419.69921874999999	-1.486745834350586	-5.380135553423315E-5	5.380135553423315E-5	88.760838527007323
4419.74121093749999	-1.476690292358398	-5.372361920308322E-5	5.372361920308322E-5	88.760838527007323
4419.78320312499999	-1.466972351074219	-5.363472155295312E-5	5.363472155295312E-5	88.760838527007323
4419.82519531249999	-1.456893920898437	-5.355110624805093E-5	5.355110624805093E-5	88.760838527007323
4419.86718749999999	-1.446880340576172	-5.347035767044872E-5	5.347035767044872E-5	88.760838527007323
4419.90917968749999	-1.436826705932617	-5.338234768714756E-5	5.338234768714756E-5	88.760838527007323
4419.95117187499999	-1.42680549621582	-5.3301831940189E-5	5.3301831940189E-5	88.760838527007323
4419.99316406249999	-1.416706085205078	-5.322316428646445E-5	5.322316428646445E-5	88.760838527007323
4420.03515624999999	-1.406749725341797	-5.3135518101044E-5	5.3135518101044E-5	88.760838527007323
4420.07714843749999	-1.396720886230469	-5.305345985107124E-5	5.305345985107124E-5	88.760838527007323
4420.11914062499999	-1.386669158935547	-5.297009192872792E-5	5.297009192872792E-5	88.760838527007323
4420.16113281249999	-1.376943588256836	-5.288826650939882E-5	5.288826650939882E-5	88.760838527007323
4420.20312499999999	-1.366846084594727	-5.280383629724383E-5	5.280383629724383E-5	88.760838527007323
4420.24511718749999	-1.356849670410156	-5.271709233056754E-5	5.271709233056754E-5	88.760838527007323
4420.28710937499999	-1.346767425537109	-5.263440834823996E-5	5.263440834823996E-5	88.760838527007323
4420.32910156249999	-1.336711883544922	-5.254236748442054E-5	5.254236748442054E-5	88.760838527007323
4420.37109374999999	-1.326671600341797	-5.24569331901148E-5	5.24569331901148E-5	88.760838527007323
4420.41308593749999	-1.316686630249023	-5.237452569417655E-5	5.237452569417655E-5	88.760838527007323
4420.45507812499999	-1.306629180908203	-5.228546797297895E-5	5.228546797297895E-5	88.760838527007323
4420.49707031249999	-1.296928405761719	-5.220556340645999E-5	5.220556340645999E-5	88.760838527007323
4420.53906249999999	-1.286840438842773	-5.211563257034868E-5	5.211563257034868E-5	88.760838527007323
4420.58105468749999	-1.276792526245117	-5.203178443480283E-5	5.203178443480283E-5	88.760838527007323
4420.62304687499999	-1.266096115112305	-5.193905963096768E-5	5.193905963096768E-5	88.760838527007323
4420.66503906249999	-1.256378173828125	-5.185640475247055E-5	5.185640475247055E-5	88.760838527007323
4420.70703124999999	-1.246353149414062	-5.177257116883993E-5	5.177257116883993E-5	88.760838527007323
4420.74902343749999	-1.236370086669922	-5.168197094462812E-5	5.168197094462812E-5	88.760838527007323
4420.79101562499999	-1.226348876953125	-5.160158616490662E-5	5.160158616490662E-5	88.760838527007323
4420.83300781249999	-1.216299057006836	-5.151491495780647E-5	5.151491495780647E-5	88.760838527007323
4420.87499999999999	-1.206247329711914	-5.142066220287234E-5	5.142066220287234E-5	88.760838527007323
4420.91699218749999	-1.196142196655273	-5.133416561875492E-5	5.133416561875492E-5	88.760838527007323
4420.95898437499999	-1.186117172241211	-5.124161543790251E-5	5.124161543790251E-5	88.760838527007323
4421.00097656249999	-1.176054000854492	-5.115654494147748E-5	5.115654494147748E-5	88.760838527007323
4421.04296874999999	-1.166351318359375	-5.106127355247736E-5	5.106127355247736E-5	88.760838527007323
4421.08496093749999	-1.156305313110352	-5.098171823192388E-5	5.098171823192388E-5	88.760838527007323
4421.12695312499999	-1.146326065063477	-5.089007026981562E-5	5.089007026981562E-5	88.760838527007323
4421.16894531249999	-1.136289596557617	-5.079159745946527E-5	5.079159745946527E-5	88.760838527007323
4421.21093749999999	-1.126228332519531	-5.069693725090474E-5	5.069693725090474E-5	88.760838527007323
4421.25292968749999	-1.116188049316406	-5.061026604380459E-5	5.061026604380459E-5	88.760838527007323
4421.29492187499999	-1.106122970581055	-5.052298365626484E-5	5.052298365626484E-5	88.760838527007323
4421.33691406249999	-1.096118927001953	-5.041704571340233E-5	5.041704571340233E-5	88.760838527007323
4421.37890624999999	-1.086400985717773	-5.033347406424582E-5	5.033347406424582E-5	88.760838527007323
4421.42089843749999	-1.076385498046875	-5.024341226089746E-5	5.024341226089746E-5	88.760838527007323
4421.46289062499999	-1.066389083862305	-5.014838825445622E-5	5.014838825445622E-5	88.760838527007323
4421.50488281249999	-1.05634880065918	-5.005438288208097E-5	5.005438288208097E-5	88.760838527007323
4421.54589843749999	-1.046287536621094	-4.996272036805749E-5	4.996272036805749E-5	88.760838527007323
4421.58789062499999	-1.036251068115234	-4.985726263839751E-5	4.985726263839751E-5	88.760838527007323
4421.62988281249999	-1.026155471801758	-4.975819319952279E-5	4.975819319952279E-5	88.760838527007323
4421.67187499999999	-1.016105651855469	-4.967278800904751E-5	4.967278800904751E-5	88.760838527007323
4421.71386718749999	-1.006065368652344	-4.956159682478756E-5	4.956159682478756E-5	88.760838527007323
4421.75585937499999	-0.996349334716797	-4.947761772200465E-5	4.947761772200465E-5	88.760838527007323
4421.79785156249999	-0.986289978027344	-4.937434277962893E-5	4.937434277962893E-5	88.760838527007323
4421.83984374999999	-0.97630500793457	-4.928713315166533E-5	4.928713315166533E-5	88.760838527007323
4421.88183593749999	-0.966266632080078	-4.917541809845716E-5	4.917541809845716E-5	88.760838527007323
4421.92382812499999	-0.956193923950195	-4.908804839942604E-5	4.908804839942604E-5	88.760838527007323
4421.96582031249999	-0.946151733398437	-4.898787301499397E-5	4.898787301499397E-5	88.760838527007323
4422.00781249999999	-0.936090469360352	-4.888376861345023E-5	4.888376861345023E-5	88.760838527007323
4422.04980468749999	-0.926063537597656	-4.87722281832248E-5	4.87722281832248E-5	88.760838527007323
4422.09179687499999	-0.916366577148437	-4.869418626185507E-5	4.869418626185507E-5	88.760838527007323
4422.13378906249999	-0.906339645385742	-4.858450847677886E-5	4.858450847677886E-5	88.760838527007323
4422.17578124999999	-0.896354675292969	-4.848584649153054E-5	4.848584649153054E-5	88.760838527007323
4422.21777343749999	-0.886299133300781	-4.838299355469644E-5	4.838299355469644E-5	88.760838527007323
4422.25976562499999	-0.876237869262695	-4.828171222470701E-5	4.828171222470701E-5	88.760838527007323
4422.30175781249999	-0.866207122802734	-4.816633008886129E-5	4.816633008886129E-5	88.760838527007323
4422.34374999999999	-0.856159210205078	-4.809285746887326E-5	4.809285746887326E-5	88.760838527007323
4422.38574218749999	-0.846090316772461	-4.798381996806711E-5	4.798381996806711E-5	88.760838527007323
4422.42773437499999	-0.836051940917969	-4.786808858625591E-5	4.786808858625591E-5	88.760838527007323
4422.46972656249999	-0.826337814331055	-4.777187132276595E-5	4.777187132276595E-5	88.760838527007323
4422.51171874999999	-0.816293716430664	-4.768354119732976E-5	4.768354119732976E-5	88.760838527007323
4422.55371093749999	-0.806278228759766	-4.753144457936287E-5	4.753144457936287E-5	88.760838527007323
4422.59570312499999	-0.796241760253906	-4.744663601741195E-5	4.744663601741195E-5	88.760838527007323
4422.63769531249999	-0.786186218261719	-4.734112008009106E-5	4.734112008009106E-5	88.760838527007323
4422.67968749999999	-0.776163101196289	-4.724097379948944E-5	4.724097379948944E-5	88.760838527007323
4422.72167968749999	-0.765758514404297	-4.709974746219814E-5	4.709974746219814E-5	88.760838527007323
4422.76367187499999	-0.755725860595703	-4.70170343760401E-5	4.70170343760401E-5	88.760838527007323
4422.80566406249999	-0.745706558227539	-4.692142829298973E-5	4.692142829298973E-5	88.760838527007323
4422.84765624999999	-0.735654830932617	-4.67822392238304E-5	4.67822392238304E-5	88.760838527007323
4422.88964843749999	-0.72564697265625	-4.668798646889627E-5	4.668798646889627E-5	88.760838527007323
4422.93164062499999	-0.715600967407227	-4.658849502447993E-5	4.658849502447993E-5	88.760838527007323
4422.97363281249999	-0.705873489379883	-4.642807471100241E-5	4.642807471100241E-5	88.760838527007323
4423.01562499999999	-0.695835113525391	-4.634768993128091E-5	4.634768993128091E-5	88.760838527007323
4423.05761718749999	-0.685779571533203	-4.624445864465088E-5	4.624445864465088E-5	88.760838527007323
4423.09960937499999	-0.67572021484375	-4.613141936715692E-5	4.613141936715692E-5	88.760838527007323
4423.14160156249999	-0.665676116943359	-4.597808583639562E-5	4.597808583639562E-5	88.760838527007323
4423.18359374999999	-0.655630111694336	-4.588351293932647E-5	4.588351293932647E-5	88.760838527007323
4423.22558593749999	-0.645566940307617	-4.577769141178578E-5	4.577769141178578E-5	88.760838527007323
4423.26660156249999	-0.635574340820312	-4.55995905213058E-5	4.55995905213058E-5	88.760838527007323
4423.30859374999999	-0.625534057617187	-4.552255268208683E-5	4.552255268208683E-5	88.760838527007323
4423.35058593749999	-0.61583137512207	-4.542653914541006E-5	4.542653914541006E-5	88.760838527007323
4423.39257812499999	-0.605792999267578	-4.521221853792667E-5	4.521221853792667E-5	88.760838527007323
4423.43457031249999	-0.595701217651367	-4.515361797530204E-5	4.515361797530204E-5	88.760838527007323
4423.47656249999999	-0.585708618164062	-4.502572119235992E-5	4.502572119235992E-5	88.760838527007323
4423.51855468749999	-0.575653076171875	-4.489113052841276E-5	4.489113052841276E-5	88.760838527007323
4423.56054687499999	-0.565580368041992	-4.471644933801144E-5	4.471644933801144E-5	88.760838527007323
4423.60253906249999	-0.555538177490234	-4.460186755750328E-5	4.460186755750328E-5	88.760838527007323
4423.64453124999999	-0.545583724975586	-4.452062421478331E-5	4.452062421478331E-5	88.760838527007323
4423.68652343749999	-0.535856246948242	-4.429217369761318E-5	4.429217369761318E-5	88.760838527007323
4423.72851562499999	-0.525823593139648	-4.422238271217793E-5	4.422238271217793E-5	88.760838527007323
4423.77050781249999	-0.51576042175293	-4.410644760355353E-5	4.410644760355353E-5	88.760838527007323
4423.81249999999999	-0.50568962097168	-4.391129186842591E-5	4.391129186842591E-5	88.760838527007323
4423.85449218749999	-0.495641708374023	-4.380554310046136E-5	4.380554310046136E-5	88.760838527007323
4423.89648437499999	-0.485549926757812	-4.363084735814482E-5	4.363084735814482E-5	88.760838527007323
4423.93847656249999	-0.475563049316406	-4.351740062702447E-5	4.351740062702447E-5	88.760838527007323
4423.98046874999999	-0.465579986572266	-4.330347292125225E-5	4.330347292125225E-5	88.760838527007323
4424.02246093749999	-0.455522537231445	-4.318790161050856E-5	4.318790161050856E-5	88.760838527007323
4424.06445312499999	-0.445823669433594	-4.307529889047146E-5	4.307529889047146E-5	88.760838527007323
4424.10644531249999	-0.435796737670898	-4.273201921023428E-5	4.273201921023428E-5	88.760838527007323
4424.14843749999999	-0.425704956054687	-4.266116593498737E-5	4.266116593498737E-5	88.760838527007323
4424.19042968749999	-0.41566276550293	-4.251270729582757E-5	4.251270729582757E-5	88.760838527007323
4424.23242187499999	-0.40562629699707	-4.220039409119636E-5	4.220039409119636E-5	88.760838527007323
4424.27441406249999	-0.395614624023437	-4.210759652778506E-5	4.210759652778506E-5	88.760838527007323
4424.31640624999999	-0.385585784912109	-4.200926923658699E-5	4.200926923658699E-5	88.760838527007323
4424.35839843749999	-0.375577926635742	-4.177403752692044E-5	4.177403752692044E-5	88.760838527007323
4424.40039062499999	-0.365861892700195	-4.148324660491198E-5	4.148324660491198E-5	88.760838527007323
4424.44238281249999	-0.35582160949707	-4.141671524848789E-5	4.141671524848789E-5	88.760838527007323
4424.48437499999999	-0.345737457275391	-4.127903957851231E-5	4.127903957851231E-5	88.760838527007323
4424.52636718749999	-0.335683822631836	-4.086917033419013E-5	4.086917033419013E-5	88.760838527007323
4424.56835937499999	-0.325637817382812	-4.073971649631858E-5	4.073971649631858E-5	88.760838527007323
4424.61035156249999	-0.31561279296875	-4.061867366544902E-5	4.061867366544902E-5	88.760838527007323
4424.65234374999999	-0.305532455444336	-4.025163070764393E-5	4.025163070764393E-5	88.760838527007323
4424.69433593749999	-0.295560836791992	-4.023280052933842E-5	4.023280052933842E-5	88.760838527007323
4424.73632812499999	-0.285591125488281	-4.001043271273375E-5	4.001043271273375E-5	88.760838527007323
4424.77832031249999	-0.275772094726562	-3.967658267356455E-5	3.967658267356455E-5	88.760838527007323
4424.82031249999999	-0.265079498291016	-3.937330620829016E-5	3.937330620829016E-5	88.760838527007323
4424.86230468749999	-0.254970550537109	-3.922720497939736E-5	3.922720497939736E-5	88.760838527007323
4424.90429687499999	-0.244962692260742	-3.897438000421971E-5	3.897438000421971E-5	88.760838527007323
4424.94628906249999	-0.235246658325195	-3.859982825815678E-5	3.859982825815678E-5	88.760838527007323
4424.98828124999999	-0.225208282470703	-3.841413126792759E-5	3.841413126792759E-5	88.760838527007323
4425.03027343749999	-0.215164184570312	-3.825096064247191E-5	3.825096064247191E-5	88.760838527007323
4425.07226562499999	-0.205177307128906	-3.761006519198418E-5	3.761006519198418E-5	88.760838527007323
4425.11425781249999	-0.195165634155273	-3.75832460122183E-5	3.75832460122183E-5	88.760838527007323
4425.15624999999999	-0.185087203979492	-3.732812183443457E-5	3.732812183443457E-5	88.760838527007323
4425.19824218749999	-0.175073623657227	-3.681803354993463E-5	3.681803354993463E-5	88.760838527007323
4425.24023437499999	-0.164966583251953	-3.631632716860622E-5	3.631632716860622E-5	88.760838527007323
4425.28222656249999	-0.155250549316406	-3.591983113437891E-5	3.591983113437891E-5	88.760838527007323
4425.32421874999999	-0.145219802856445	-3.562463098205626E-5	3.562463098205626E-5	88.760838527007323
4425.36621093749999	-0.135202407836914	-3.46636661561206E-5	3.46636661561206E-5	88.760838527007323
4425.40820312499999	-0.125185012817383	-3.414673847146332E-5	3.414673847146332E-5	88.760838527007323
4425.45019531249999	-0.115142822265625	-3.361837298143655E-5	3.361837298143655E-5	88.760838527007323
4425.49218749999999	-0.104990005493164	-3.208499401807785E-5	3.208499401807785E-5	88.760838527007323
4425.53417968749999	-0.095026016235352	-3.123513306491077E-5	3.123513306491077E-5	88.760838527007323
4425.57617187499999	-0.084901809692383	-3.007208579219878E-5	3.007208579219878E-5	88.760838527007323
4425.61718749999999	-0.074987411499023	-2.777860208880156E-5	2.777860208880156E-5	88.760838527007323
4425.65917968749999	-0.065158843994141	-2.540378773119301E-5	2.540378773119301E-5	88.760838527007323
4425.70117187499999	-0.055160522460937	-2.262460475321859E-5	2.262460475321859E-5	88.760838527007323
4425.74316406249999	-0.045087814331055	-1.928742858581245E-5	1.928742858581245E-5	88.760838527007323
4425.78515624999999	-0.035049438476562	-1.282749872189015E-5	1.282749872189015E-5	88.760838527007323
4425.88281249999999	-0.024703979492187	-4.219270522298757E-6	4.219270522298757E-6	88.760838527007323
4425.98339843749999	-0.022218704223633	2.600089601401123E-7	2.600089601401123E-7	88.760838527007323
4426.12304687499999	-0.004814147949219	1.488021371187642E-5	1.488021371187642E-5	88.760838527007323
4426.16601562499999	0.005804061889648	3.140317858196795E-5	3.140317858196795E-5	88.760838527007323
4426.20800781249999	0.015859603881836	5.346204852685332E-5	5.346204852685332E-5	88.760838527007323
4426.24999999999999	0.025180816650391	8.012032049009576E-5	8.012032049009576E-5	88.760838527007323
4426.38574218749999	0.035507202148437	0.000116925803013	0.000116925803013	88.760838527007323
4426.42773437499999	0.045494079589844	0.000164012075402	0.000164012075402	88.760838527007323
4426.46972656249999	0.055545806884766	0.000224157120101	0.000224157120101	88.760838527007323
4426.51171874999999	0.065620422363281	0.000301247870084	0.000301247870084	88.760838527007323
4426.55273437499999	0.075677871704102	0.000391889188904	0.000391889188904	88.760838527007323
4426.59472656249999	0.085748672485352	0.000499566434883	0.000499566434883	88.760838527007323
4426.63671874999999	0.095884323120117	0.000626348133665	0.000626348133665	88.760838527007323
4426.67871093749999	0.105978012084961	0.000767891062424	0.000767891062424	88.760838527007323
4426.72070312499999	0.115751266479492	0.000919547164813	0.000919547164813	88.760838527007323
4426.85546874999999	0.125543594360352	0.001088490709662	0.001088490709662	88.760838527007323
4426.89746093749999	0.135471343994141	0.001270534470677	0.001270534470677	88.760838527007323
4426.93945312499999	0.145536422729492	0.001465616747737	0.001465616747737	88.760838527007323
4426.98144531249999	0.155590057373047	0.001670895144343	0.001670895144343	88.760838527007323
4427.02343749999999	0.165624618530273	0.001883717253804	0.001883717253804	88.760838527007323
4427.06542968749999	0.175703048706055	0.002105249091983	0.002105249091983	88.760838527007323
4427.10742187499999	0.185779571533203	0.002335228957236	0.002335228957236	88.760838527007323
4427.14941406249999	0.195514678955078	0.002561761066318	0.002561761066318	88.760838527007323
4427.19140624999999	0.205551147460937	0.002801314927638	0.002801314927638	88.760838527007323
4427.23339843749999	0.215532302856445	0.003044875338674	0.003044875338674	88.760838527007323
4427.27539062499999	0.225595474243164	0.003293897025287	0.003293897025287	88.760838527007323
4427.31738281249999	0.236318588256836	0.00356341060251	0.00356341060251	88.760838527007323
4427.35937499999999	0.246013641357422	0.003811404109001	0.003811404109001	88.760838527007323
4427.40136718749999	0.256021499633789	0.004070134833455	0.004070134833455	88.760838527007323
4427.44335937499999	0.266139984130859	0.004335023462772	0.004335023462772	88.760838527007323
4427.48535156249999	0.276201248168945	0.004600041545928	0.004600041545928	88.760838527007323
4427.52734374999999	0.286283493041992	0.004868665710092	0.004868665710092	88.760838527007323
4427.56933593749999	0.296310424804687	0.00513756647706	0.00513756647706	88.760838527007323
4427.61132812499999	0.306341171264648	0.005408607888967	0.005408607888967	88.760838527007323
4427.65332031249999	0.316385269165039	0.005681692156941	0.005681692156941	88.760838527007323
4427.69531249999999	0.326116561889648	0.005947791505605	0.005947791505605	88.760838527007323
4427.73730468749999	0.336166381835937	0.006224582903087	0.006224582903087	88.760838527007323
4427.77929687499999	0.346250534057617	0.006503315642476	0.006503315642476	88.760838527007323
4427.82128906249999	0.356315612792969	0.006782967597246	0.006782967597246	88.760838527007323
4427.86328124999999	0.366374969482422	0.007063102442771	0.007063102442771	88.760838527007323
4427.90527343749999	0.376434326171875	0.007344720885158	0.007344720885158	88.760838527007323
4427.94628906249999	0.386407852172852	0.007624769117683	0.007624769117683	88.760838527007323
4427.98828124999999	0.396472930908203	0.007908132858574	0.007908132858574	88.760838527007323
4428.03027343749999	0.406494140625	0.008191188797355	0.008191188797355	88.760838527007323
4428.07226562499999	0.416227340698242	0.008467121981084	0.008467121981084	88.760838527007323
4428.11425781249999	0.426254272460937	0.008751575835049	0.008751575835049	88.760838527007323
4428.15624999999999	0.43635368347168	0.009038549847901	0.009038549847901	88.760838527007323
4428.19824218749999	0.446380615234375	0.009324961341918	0.009324961341918	88.760838527007323
4428.24023437499999	0.456470489501953	0.009613206610084	0.009613206610084	88.760838527007323
4428.28222656249999	0.466514587402344	0.009900304488838	0.009900304488838	88.760838527007323
4428.32421874999999	0.476522445678711	0.010187106207013	0.010187106207013	88.760838527007323
4428.36621093749999	0.486537933349609	0.010474993847311	0.010474993847311	88.760838527007323
4428.45410156249999	0.495943069458008	0.010750211775303	0.010750211775303	88.760838527007323
4428.49609374999999	0.50596809387207	0.011039227247238	0.011039227247238	88.760838527007323
4428.53808593749999	0.516033172607422	0.011328905820847	0.011328905820847	88.760838527007323
4428.58007812499999	0.526100158691406	0.011619061231613	0.011619061231613	88.760838527007323
4428.62207031249999	0.536144256591797	0.011909373104572	0.011909373104572	88.760838527007323
4428.66406249999999	0.546175003051758	0.012199550867081	0.012199550867081	88.760838527007323
4428.70605468749999	0.556129455566406	0.012487351894379	0.012487351894379	88.760838527007323
4428.74804687499999	0.566202163696289	0.012778796255589	0.012778796255589	88.760838527007323
4428.79003906249999	0.576229095458984	0.013069063425064	0.013069063425064	88.760838527007323
4428.83203124999999	0.585929870605469	0.013349756598473	0.013349756598473	88.760838527007323
4428.87402343749999	0.595943450927734	0.013639554381371	0.013639554381371	88.760838527007323
4428.91601562499999	0.606035232543945	0.01393187046051	0.01393187046051	88.760838527007323
4428.95800781249999	0.61607551574707	0.014223083853722	0.014223083853722	88.760838527007323
4428.99999999999999	0.626140594482422	0.014514528214931	0.014514528214931	88.760838527007323
4429.04199218749999	0.63615608215332	0.014804780483246	0.014804780483246	88.760838527007323
4429.08398437499999	0.646162033081055	0.015095725655556	0.015095725655556	88.760838527007323
4429.12597656249999	0.656204223632812	0.015386618673801	0.015386618673801	88.760838527007323
4429.16796874999999	0.666255950927734	0.01567780226469	0.01567780226469	88.760838527007323
4429.20996093749999	0.675968170166016	0.015959449112415	0.015959449112415	88.760838527007323
4429.25195312499999	0.686040878295898	0.016251146793365	0.016251146793365	88.760838527007323
4429.29394531249999	0.696100234985352	0.016542695462704	0.016542695462704	88.760838527007323
4429.33593749999999	0.706132888793945	0.016833208501339	0.016833208501339	88.760838527007323
4429.37792968749999	0.716209411621094	0.017124406993389	0.017124406993389	88.760838527007323
4429.41992187499999	0.72624397277832	0.017414577305317	0.017414577305317	88.760838527007323
4429.46191406249999	0.736570358276367	0.017713040113449	0.017713040113449	88.760838527007323
4429.50390624999999	0.746612548828125	0.018003948032856	0.018003948032856	88.760838527007323
4429.54589843749999	0.756643295288086	0.018293745815754	0.018293745815754	88.760838527007323
4429.58789062499999	0.766681671142578	0.018583811819553	0.018583811819553	88.760838527007323
4429.62988281249999	0.776731491088867	0.018874026834965	0.018874026834965	88.760838527007323
4429.67187499999999	0.786788940429687	0.01916342228651	0.01916342228651	88.760838527007323
4429.71386718749999	0.796810150146484	0.01945236325264	0.01945236325264	88.760838527007323
4429.75585937499999	0.806560516357422	0.01973357796669	0.01973357796669	88.760838527007323
4429.79785156249999	0.816562652587891	0.02002077549696	0.02002077549696	88.760838527007323
4429.83984374999999	0.826593399047852	0.02030923217535	0.02030923217535	88.760838527007323
4429.88183593749999	0.836637496948242	0.020597696304321	0.020597696304321	88.760838527007323
4429.92382812499999	0.846672058105469	0.020886115729809	0.020886115729809	88.760838527007323
4429.96582031249999	0.856731414794922	0.021175034344196	0.021175034344196	88.760838527007323
4430.00683593749999	0.86677360534668	0.021462351083755	0.021462351083755	88.760838527007323
4430.04980468749999	0.876834869384766	0.021750137209892	0.021750137209892	88.760838527007323
4430.09082031249999	0.886533737182617	0.022027440369129	0.022027440369129	88.760838527007323
4430.13281249999999	0.896575927734375	0.022313997149467	0.022313997149467	88.760838527007323
4430.17480468749999	0.906564712524414	0.022598251700401	0.022598251700401	88.760838527007323
4430.21679687499999	0.916616439819336	0.022884264588356	0.022884264588356	88.760838527007323
4430.25878906249999	0.926647186279297	0.023169174790382	0.023169174790382	88.760838527007323
4430.30078124999999	0.936689376831055	0.023454114794731	0.023454114794731	88.760838527007323
4430.34277343749999	0.946722030639648	0.023738518357277	0.023738518357277	88.760838527007323
4430.38476562499999	0.95680046081543	0.024023786187172	0.024023786187172	88.760838527007323
4430.42675781249999	0.966836929321289	0.024307161569595	0.024307161569595	88.760838527007323
4430.46874999999999	0.976564407348633	0.02458094805479	0.02458094805479	88.760838527007323
4430.51074218749999	0.986545562744141	0.024862498044968	0.024862498044968	88.760838527007323
4430.55273437499999	0.996603012084961	0.025145202875137	0.025145202875137	88.760838527007323
4430.59472656249999	1.006631851196289	0.025426112115383	0.025426112115383	88.760838527007323
4430.63671874999999	1.016666412353516	0.02570740878582	0.02570740878582	88.760838527007323
4430.67871093749999	1.026704788208008	0.025988049805164	0.025988049805164	88.760838527007323
4430.72070312499999	1.036821365356445	0.02626945823431	0.02626945823431	88.760838527007323
4430.76269531249999	1.046863555908203	0.026548884809017	0.026548884809017	88.760838527007323
4430.80468749999999	1.056554794311523	0.026817731559277	0.026817731559277	88.760838527007323
4430.84667968749999	1.066596984863281	0.02709623426199	0.02709623426199	88.760838527007323
4430.88867187499999	1.076578140258789	0.027372226119041	0.027372226119041	88.760838527007323
4430.93066406249999	1.086620330810547	0.027648568153381	0.027648568153381	88.760838527007323
4430.97265624999999	1.096651077270508	0.027923613786697	0.027923613786697	88.760838527007323
4431.01464843749999	1.106693267822266	0.028199069201946	0.028199069201946	88.760838527007323
4431.05664062499999	1.116743087768555	0.028473325073719	0.028473325073719	88.760838527007323
4431.09863281249999	1.126811981201172	0.028747871518135	0.028747871518135	88.760838527007323
4431.14062499999999	1.136831283569336	0.02901952713728	0.02901952713728	88.760838527007323
4431.18261718749999	1.146568298339844	0.029282845556736	0.029282845556736	88.760838527007323
4431.22460937499999	1.156528472900391	0.029550932347775	0.029550932347775	88.760838527007323
4431.26660156249999	1.166570663452148	0.029819898307323	0.029819898307323	88.760838527007323
4431.30859374999999	1.17662239074707	0.030087813735008	0.030087813735008	88.760838527007323
4431.35058593749999	1.186683654785156	0.0303560718894	0.0303560718894	88.760838527007323
4431.39257812499999	1.196699142456055	0.030621260404587	0.030621260404587	88.760838527007323
4431.43457031249999	1.206790924072266	0.030887365341187	0.030887365341187	88.760838527007323
4431.47656249999999	1.216840744018555	0.031151257455349	0.031151257455349	88.760838527007323
4431.51855468749999	1.226894378662109	0.031413890421391	0.031413890421391	88.760838527007323
4431.55957031249999	1.237241744995117	0.031683556735516	0.031683556735516	88.760838527007323
4431.60156249999999	1.247228622436523	0.031941786408424	0.031941786408424	88.760838527007323
4431.64355468749999	1.257238388061523	0.032200738787651	0.032200738787651	88.760838527007323
4431.68554687499999	1.267305374145508	0.032458193600178	0.032458193600178	88.760838527007323
4431.72753906249999	1.277008056640625	0.032706223428249	0.032706223428249	88.760838527007323
4431.76953124999999	1.287082672119141	0.032961562275887	0.032961562275887	88.760838527007323
4431.81152343749999	1.297134399414062	0.033215709030628	0.033215709030628	88.760838527007323
4431.85351562499999	1.307174682617187	0.0334682315588	0.0334682315588	88.760838527007323
4431.89550781249999	1.317234039306641	0.033719658851624	0.033719658851624	88.760838527007323
4431.93749999999999	1.327211380004883	0.033968180418015	0.033968180418015	88.760838527007323
4431.97949218749999	1.337274551391602	0.034217871725559	0.034217871725559	88.760838527007323
4432.02148437499999	1.347312927246094	0.034464932978153	0.034464932978153	88.760838527007323
4432.06347656249999	1.357393264770508	0.034711785614491	0.034711785614491	88.760838527007323
4432.10546874999999	1.367050170898437	0.034947492182255	0.034947492182255	88.760838527007323
4432.14746093749999	1.377164840698242	0.035192288458347	0.035192288458347	88.760838527007323
4432.18945312499999	1.387197494506836	0.035434052348137	0.035434052348137	88.760838527007323
4432.23144531249999	1.397253036499023	0.035674281418324	0.035674281418324	88.760838527007323
4432.27343749999999	1.407268524169922	0.035914406180382	0.035914406180382	88.760838527007323
4432.31542968749999	1.41728401184082	0.036152243614197	0.036152243614197	88.760838527007323
4432.35742187499999	1.427328109741211	0.036389447748661	0.036389447748661	88.760838527007323
4432.39941406249999	1.437372207641602	0.036626763641834	0.036626763641834	88.760838527007323
4432.44140624999999	1.447078704833984	0.036853425204754	0.036853425204754	88.760838527007323
4432.48339843749999	1.457130432128906	0.03708653897047	0.03708653897047	88.760838527007323
4432.52539062499999	1.467184066772461	0.037319712340832	0.037319712340832	88.760838527007323
4432.56738281249999	1.477201461791992	0.037550434470177	0.037550434470177	88.760838527007323
4432.60937499999999	1.487274169921875	0.037781164050102	0.037781164050102	88.760838527007323
4432.65136718749999	1.49732780456543	0.038010507822037	0.038010507822037	88.760838527007323
4432.69335937499999	1.507335662841797	0.038239113986492	0.038239113986492	88.760838527007323
4432.73437499999999	1.517360687255859	0.038466356694698	0.038466356694698	88.760838527007323
4432.77636718749999	1.52741813659668	0.038691811263561	0.038691811263561	88.760838527007323
4432.81835937499999	1.537097930908203	0.038908146321774	0.038908146321774	88.760838527007323
4432.86035156249999	1.547189712524414	0.039131931960583	0.039131931960583	88.760838527007323
4432.90234374999999	1.557212829589844	0.039356142282486	0.039356142282486	88.760838527007323
4432.94433593749999	1.567276000976562	0.039578042924404	0.039578042924404	88.760838527007323
4432.98632812499999	1.577312469482422	0.039798527956009	0.039798527956009	88.760838527007323
4433.02832031249999	1.587306976318359	0.040015272796154	0.040015272796154	88.760838527007323
4433.07031249999999	1.59733772277832	0.040232084691525	0.040232084691525	88.760838527007323
4433.11230468749999	1.607383728027344	0.040447801351547	0.040447801351547	88.760838527007323
4433.15429687499999	1.617401123046875	0.040662854909897	0.040662854909897	88.760838527007323
4433.19628906249999	1.627107620239258	0.040869303047657	0.040869303047657	88.760838527007323
4433.23828124999999	1.63719367980957	0.041081309318542	0.041081309318542	88.760838527007323
4433.28027343749999	1.647266387939453	0.041290089488029	0.041290089488029	88.760838527007323
4433.32226562499999	1.657320022583008	0.041500307619572	0.041500307619572	88.760838527007323
4433.36425781249999	1.667331695556641	0.041705459356308	0.041705459356308	88.760838527007323
4433.40624999999999	1.677347183227539	0.04190893471241	0.04190893471241	88.760838527007323
4433.44824218749999	1.687387466430664	0.04211138188839	0.04211138188839	88.760838527007323
4433.49023437499999	1.697431564331055	0.042311511933804	0.042311511933804	88.760838527007323
4433.53222656249999	1.70709228515625	0.04250194132328	0.04250194132328	88.760838527007323
4433.57421874999999	1.717199325561523	0.042700387537479	0.042700387537479	88.760838527007323
4433.61621093749999	1.727243423461914	0.042895197868347	0.042895197868347	88.760838527007323
4433.65820312499999	1.737972259521484	0.043100319802761	0.043100319802761	88.760838527007323
4433.70019531249999	1.747684478759766	0.043282680213451	0.043282680213451	88.760838527007323
4433.74218749999999	1.757648468017578	0.043467439711094	0.043467439711094	88.760838527007323
4433.78417968749999	1.767707824707031	0.043651230633259	0.043651230633259	88.760838527007323
4433.82617187499999	1.777738571166992	0.043831057846546	0.043831057846546	88.760838527007323
4433.86816406249999	1.787769317626953	0.044008158147335	0.044008158147335	88.760838527007323
4433.91015624999999	1.797794342041016	0.044183522462845	0.044183522462845	88.760838527007323
4433.95214843749999	1.807901382446289	0.044356800615788	0.044356800615788	88.760838527007323
4433.99414062499999	1.81793212890625	0.044527001678944	0.044527001678944	88.760838527007323
4434.03613281249999	1.827966690063477	0.044694729149342	0.044694729149342	88.760838527007323
4434.07812499999999	1.837673187255859	0.044853538274765	0.044853538274765	88.760838527007323
4434.12011718749999	1.847650527954102	0.045014381408691	0.045014381408691	88.760838527007323
4434.16210937499999	1.857694625854492	0.045173026621342	0.045173026621342	88.760838527007323
4434.20312499999999	1.867744445800781	0.045329436659813	0.045329436659813	88.760838527007323
4434.24511718749999	1.877784729003906	0.045483574271202	0.045483574271202	88.760838527007323
4434.28710937499999	1.887866973876953	0.04563781619072	0.04563781619072	88.760838527007323
4434.32910156249999	1.897891998291016	0.045787200331688	0.045787200331688	88.760838527007323
4434.37109374999999	1.907934188842773	0.04593575745821	0.04593575745821	88.760838527007323
4434.41308593749999	1.918003082275391	0.04608216136694	0.04608216136694	88.760838527007323
4434.45507812499999	1.927629470825195	0.046222411096096	0.046222411096096	88.760838527007323
4434.49707031249999	1.937675476074219	0.046366348862648	0.046366348862648	88.760838527007323
4434.53906249999999	1.947711944580078	0.046507559716702	0.046507559716702	88.760838527007323
4434.58105468749999	1.95777702331543	0.046649277210236	0.046649277210236	88.760838527007323
4434.62304687499999	1.967788696289062	0.046788088977337	0.046788088977337	88.760838527007323
4434.66503906249999	1.977853775024414	0.04692704230547	0.04692704230547	88.760838527007323
4434.70703124999999	1.987894058227539	0.047065421938896	0.047065421938896	88.760838527007323
4434.74902343749999	1.997961044311523	0.04720339179039	0.04720339179039	88.760838527007323
4434.79101562499999	2.007665634155273	0.047335118055344	0.047335118055344	88.760838527007323
4434.83300781249999	2.017629623413086	0.047467529773712	0.047467529773712	88.760838527007323
4434.87499999999999	2.02769660949707	0.047603130340576	0.047603130340576	88.760838527007323
4434.91699218749999	2.037744522094727	0.047738276422024	0.047738276422024	88.760838527007323
4434.95898437499999	2.047782897949219	0.047872580587864	0.047872580587864	88.760838527007323
4435.00097656249999	2.057844161987305	0.04800634086132	0.04800634086132	88.760838527007323
4435.04296874999999	2.067909240722656	0.048139430582523	0.048139430582523	88.760838527007323
4435.08496093749999	2.077949523925781	0.048271879553795	0.048271879553795	88.760838527007323
4435.12695312499999	2.087987899780273	0.048403725028038	0.048403725028038	88.760838527007323
4435.16894531249999	2.097707748413086	0.048530928790569	0.048530928790569	88.760838527007323
4435.21093749999999	2.107706069946289	0.048661813139915	0.048661813139915	88.760838527007323
4435.25292968749999	2.11775016784668	0.048791863024235	0.048791863024235	88.760838527007323
4435.29492187499999	2.127792358398437	0.048922285437584	0.048922285437584	88.760838527007323
4435.33691406249999	2.137823104858398	0.049054026603699	0.049054026603699	88.760838527007323
4435.37890624999999	2.147884368896484	0.049184307456017	0.049184307456017	88.760838527007323
4435.42089843749999	2.157915115356445	0.049314625561237	0.049314625561237	88.760838527007323
4435.46191406249999	2.167964935302734	0.049444116652012	0.049444116652012	88.760838527007323
4435.50390624999999	2.178024291992187	0.049573466181755	0.049573466181755	88.760838527007323
4435.54589843749999	2.187658309936523	0.049697555601597	0.049697555601597	88.760838527007323
4435.58789062499999	2.197715759277344	0.049826607108116	0.049826607108116	88.760838527007323
4435.62988281249999	2.207738876342773	0.049955315887928	0.049955315887928	88.760838527007323
4435.67187499999999	2.217790603637695	0.050083704292774	0.050083704292774	88.760838527007323
4435.71386718749999	2.227855682373047	0.05021145939827	0.05021145939827	88.760838527007323
4435.75585937499999	2.23823356628418	0.050343856215477	0.050343856215477	88.760838527007323
4435.79785156249999	2.248252868652344	0.050470300018787	0.050470300018787	88.760838527007323
4435.83984374999999	2.258333206176758	0.050597876310349	0.050597876310349	88.760838527007323
4435.88183593749999	2.268375396728516	0.050723761320114	0.050723761320114	88.760838527007323
4435.92382812499999	2.278358459472656	0.05085089802742	0.05085089802742	88.760838527007323
4435.96582031249999	2.288393020629883	0.050975412130356	0.050975412130356	88.760838527007323
4436.00781249999999	2.298439025878906	0.05110078305006	0.05110078305006	88.760838527007323
4436.04980468749999	2.308128356933594	0.051222681999207	0.051222681999207	88.760838527007323
4436.09179687499999	2.31818962097168	0.051348559558392	0.051348559558392	88.760838527007323
4436.13378906249999	2.328220367431641	0.051473960280418	0.051473960280418	88.760838527007323
4436.17578124999999	2.338294982910156	0.051600277423859	0.051600277423859	88.760838527007323
4436.21777343749999	2.34834098815918	0.051726326346397	0.051726326346397	88.760838527007323
4436.25976562499999	2.358331680297852	0.05185142159462	0.05185142159462	88.760838527007323
4436.30175781249999	2.368352890014648	0.051977656781673	0.051977656781673	88.760838527007323
4436.34374999999999	2.378402709960937	0.052101753652096	0.052101753652096	88.760838527007323
4436.38574218749999	2.388444900512695	0.052227646112442	0.052227646112442	88.760838527007323
4436.42773437499999	2.398181915283203	0.05234756320715	0.05234756320715	88.760838527007323
4436.46972656249999	2.408258438110352	0.052473448216915	0.052473448216915	88.760838527007323
4436.51171874999999	2.418285369873047	0.052597172558308	0.052597172558308	88.760838527007323
4436.55371093749999	2.4283447265625	0.052720919251442	0.052720919251442	88.760838527007323
4436.59570312499999	2.438388824462891	0.052845194935799	0.052845194935799	88.760838527007323
4436.63769531249999	2.448379516601562	0.052968963980675	0.052968963980675	88.760838527007323
4436.67968749999999	2.458398818969727	0.053092204034328	0.053092204034328	88.760838527007323
4436.72167968749999	2.468450546264648	0.053215600550175	0.053215600550175	88.760838527007323
4436.76269531249999	2.478481292724609	0.053338542580605	0.053338542580605	88.760838527007323
4436.80468749999999	2.488189697265625	0.05345918238163	0.05345918238163	88.760838527007323
4436.84667968749999	2.498239517211914	0.053579941391945	0.053579941391945	88.760838527007323
4436.88867187499999	2.508279800415039	0.053702555596828	0.053702555596828	88.760838527007323
4436.93066406249999	2.518316268920898	0.053824447095394	0.053824447095394	88.760838527007323
4436.97265624999999	2.528305053710937	0.053944826126099	0.053944826126099	88.760838527007323
4437.01464843749999	2.538345336914062	0.054068207740784	0.054068207740784	88.760838527007323
4437.05664062499999	2.548379898071289	0.054190076887608	0.054190076887608	88.760838527007323
4437.09863281249999	2.558408737182617	0.054311729967594	0.054311729967594	88.760838527007323
4437.14062499999999	2.568134307861328	0.054429911077023	0.054429911077023	88.760838527007323
4437.18261718749999	2.57823371887207	0.054551899433136	0.054551899433136	88.760838527007323
4437.22460937499999	2.58827018737793	0.054672956466675	0.054672956466675	88.760838527007323
4437.26660156249999	2.598321914672852	0.054793201386929	0.054793201386929	88.760838527007323
4437.30859374999999	2.608348846435547	0.054914101958275	0.054914101958275	88.760838527007323
4437.35058593749999	2.618339538574219	0.055033899843693	0.055033899843693	88.760838527007323
4437.39257812499999	2.628379821777344	0.055155128240585	0.055155128240585	88.760838527007323
4437.43457031249999	2.638423919677734	0.055276624858379	0.055276624858379	88.760838527007323
4437.47656249999999	2.648458480834961	0.055394478142262	0.055394478142262	88.760838527007323
4437.51855468749999	2.658149719238281	0.055511459708214	0.055511459708214	88.760838527007323
4437.56054687499999	2.668174743652344	0.055632308125496	0.055632308125496	88.760838527007323
4437.60253906249999	2.678249359130859	0.055752754211426	0.055752754211426	88.760838527007323
4437.64453124999999	2.688287734985352	0.05587349832058	0.05587349832058	88.760838527007323
4437.68652343749999	2.698263168334961	0.055993944406509	0.055993944406509	88.760838527007323
4437.72851562499999	2.708297729492187	0.056112639605999	0.056112639605999	88.760838527007323
4437.77050781249999	2.718372344970703	0.056232370436192	0.056232370436192	88.760838527007323
4437.81249999999999	2.728422164916992	0.056351207196712	0.056351207196712	88.760838527007323
4437.85449218749999	2.738798141479492	0.056474193930626	0.056474193930626	88.760838527007323
4437.89550781249999	2.748880386352539	0.056594781577587	0.056594781577587	88.760838527007323
4437.93749999999999	2.758920669555664	0.056712135672569	0.056712135672569	88.760838527007323
4437.97949218749999	2.768985748291016	0.056831441819668	0.056831441819668	88.760838527007323
4438.02148437499999	2.779022216796875	0.056949757039547	0.056949757039547	88.760838527007323
4438.06347656249999	2.788644790649414	0.057060927152634	0.057060927152634	88.760838527007323
4438.10546874999999	2.798700332641602	0.057178780436516	0.057178780436516	88.760838527007323
4438.14746093749999	2.808738708496094	0.057297848165035	0.057297848165035	88.760838527007323
4438.18945312499999	2.818767547607422	0.057416386902332	0.057416386902332	88.760838527007323
4438.23144531249999	2.828815460205078	0.057536140084267	0.057536140084267	88.760838527007323
4438.27343749999999	2.838872909545898	0.057658441364765	0.057658441364765	88.760838527007323
4438.31542968749999	2.848917007446289	0.057776369154453	0.057776369154453	88.760838527007323
4438.35742187499999	2.858959197998047	0.057895489037037	0.057895489037037	88.760838527007323
4438.39941406249999	2.868680953979492	0.058009892702103	0.058009892702103	88.760838527007323
4438.44140624999999	2.878673553466797	0.05812694132328	0.05812694132328	88.760838527007323
4438.48339843749999	2.888721466064453	0.058246523141861	0.058246523141861	88.760838527007323
4438.52539062499999	2.898765563964844	0.058364160358906	0.058364160358906	88.760838527007323
4438.56738281249999	2.908809661865234	0.058481402695179	0.058481402695179	88.760838527007323
4438.60937499999999	2.918888092041016	0.058601774275303	0.058601774275303	88.760838527007323
4438.65136718749999	2.928928375244141	0.058719493448734	0.058719493448734	88.760838527007323
4438.69335937499999	2.938970565795898	0.058837622404099	0.058837622404099	88.760838527007323
4438.73535156249999	2.949020385742187	0.058954834938049	0.058954834938049	88.760838527007323
4438.77734374999999	2.958658218383789	0.05906780809164	0.05906780809164	88.760838527007323
4438.81933593749999	2.96868896484375	0.059191785752773	0.059191785752773	88.760838527007323
4438.86132812499999	2.978727340698242	0.059308908879757	0.059308908879757	88.760838527007323
4438.90332031249999	2.988780975341797	0.05942627042532	0.05942627042532	88.760838527007323
4438.94531249999999	2.998825073242187	0.059544287621975	0.059544287621975	88.760838527007323
4438.98730468749999	3.008871078491211	0.059663094580173	0.059663094580173	88.760838527007323
4439.02832031249999	3.018911361694336	0.059780620038509	0.059780620038509	88.760838527007323
4439.07031249999999	3.028985977172852	0.059895776212215	0.059895776212215	88.760838527007323
4439.11230468749999	3.039022445678711	0.060012504458427	0.060012504458427	88.760838527007323
4439.15429687499999	3.048688888549805	0.060126565396786	0.060126565396786	88.760838527007323
4439.19628906249999	3.058727264404297	0.060243882238865	0.060243882238865	88.760838527007323
4439.23828124999999	3.06877326965332	0.060361042618752	0.060361042618752	88.760838527007323
4439.28027343749999	3.078807830810547	0.060479216277599	0.060479216277599	88.760838527007323
4439.32226562499999	3.088874816894531	0.060596436262131	0.060596436262131	88.760838527007323
4439.36425781249999	3.098941802978516	0.060715056955814	0.060715056955814	88.760838527007323
4439.40624999999999	3.108993530273437	0.060832664370537	0.060832664370537	88.760838527007323
4439.44824218749999	3.119022369384766	0.060949556529522	0.060949556529522	88.760838527007323
4439.49023437499999	3.12864875793457	0.06106173992157	0.06106173992157	88.760838527007323
4439.53222656249999	3.138713836669922	0.06117857247591	0.06117857247591	88.760838527007323
4439.57421874999999	3.148750305175781	0.061295181512833	0.061295181512833	88.760838527007323
4439.61621093749999	3.158784866333008	0.061412580311298	0.061412580311298	88.760838527007323
4439.65820312499999	3.168806076049805	0.061529129743576	0.061529129743576	88.760838527007323
4439.70019531249999	3.178878784179687	0.061647050082684	0.061647050082684	88.760838527007323
4439.74218749999999	3.188920974731445	0.061764441430569	0.061764441430569	88.760838527007323
4439.78417968749999	3.198986053466797	0.061882019042969	0.061882019042969	88.760838527007323
4439.82617187499999	3.209001541137695	0.061999328434467	0.061999328434467	88.760838527007323
4439.86816406249999	3.218673706054687	0.062112137675285	0.062112137675285	88.760838527007323
4439.91015624999999	3.228706359863281	0.062229171395302	0.062229171395302	88.760838527007323
4439.95214843749999	3.23942756652832	0.062353774905205	0.062353774905205	88.760838527007323
4439.99414062499999	3.249462127685547	0.062470480799675	0.062470480799675	88.760838527007323
4440.03613281249999	3.259197235107422	0.06258450448513	0.06258450448513	88.760838527007323
4440.07812499999999	3.269229888916016	0.062700800597668	0.062700800597668	88.760838527007323
4440.11914062499999	3.279293060302734	0.062817335128784	0.062817335128784	88.760838527007323
4440.16113281249999	3.289321899414062	0.062934175133705	0.062934175133705	88.760838527007323
4440.20312499999999	3.299299240112305	0.063050545752048	0.063050545752048	88.760838527007323
4440.24511718749999	3.30933952331543	0.063168421387672	0.063168421387672	88.760838527007323
4440.28710937499999	3.319377899169922	0.063284412026405	0.063284412026405	88.760838527007323
4440.32910156249999	3.329402923583984	0.063400000333786	0.063400000333786	88.760838527007323
4440.37109374999999	3.339456558227539	0.063517421483994	0.063517421483994	88.760838527007323
4440.41308593749999	3.349189758300781	0.063630133867264	0.063630133867264	88.760838527007323
4440.45507812499999	3.359237670898437	0.063747070729733	0.063747070729733	88.760838527007323
4440.49707031249999	3.369291305541992	0.063864074647427	0.063864074647427	88.760838527007323
4440.53906249999999	3.379335403442383	0.063981384038925	0.063981384038925	88.760838527007323
4440.58105468749999	3.389322280883789	0.064098060131073	0.064098060131073	88.760838527007323
4440.62304687499999	3.399362564086914	0.064214736223221	0.064214736223221	88.760838527007323
4440.66503906249999	3.409406661987305	0.064332820475101	0.064332820475101	88.760838527007323
4440.70703124999999	3.419450759887695	0.064449362456799	0.064449362456799	88.760838527007323
4440.74902343749999	3.429204940795898	0.06456197053194	0.06456197053194	88.760838527007323
4440.79101562499999	3.439226150512695	0.064679324626923	0.064679324626923	88.760838527007323
4440.83300781249999	3.449296951293945	0.064796894788742	0.064796894788742	88.760838527007323
4440.87499999999999	3.459323883056641	0.064913190901279	0.064913190901279	88.760838527007323
4440.91699218749999	3.469310760498047	0.065031029284	0.065031029284	88.760838527007323
4440.95800781249999	3.479354858398437	0.065148808062077	0.065148808062077	88.760838527007323
4440.99999999999999	3.489404678344727	0.065266601741314	0.065266601741314	88.760838527007323
4441.04199218749999	3.49945068359375	0.065383620560169	0.065383620560169	88.760838527007323
4441.08398437499999	3.509477615356445	0.065499417483807	0.065499417483807	88.760838527007323
4441.12597656249999	3.519207000732422	0.065612971782684	0.065612971782684	88.760838527007323
4441.16796874999999	3.529254913330078	0.065729513764381	0.065729513764381	88.760838527007323
4441.20996093749999	3.539279937744141	0.065847419202328	0.065847419202328	88.760838527007323
4441.25195312499999	3.549331665039062	0.065964050590992	0.065964050590992	88.760838527007323
4441.29394531249999	3.559316635131836	0.066080451011658	0.066080451011658	88.760838527007323
4441.33593749999999	3.569374084472656	0.066197507083416	0.066197507083416	88.760838527007323
4441.37792968749999	3.579414367675781	0.066314749419689	0.066314749419689	88.760838527007323
4441.41992187499999	3.589437484741211	0.066431380808353	0.066431380808353	88.760838527007323
4441.46191406249999	3.599521636962891	0.066549681127071	0.066549681127071	88.760838527007323
4441.50390624999999	3.609222412109375	0.066661961376667	0.066661961376667	88.760838527007323
4441.54589843749999	3.619274139404297	0.066778533160686	0.066778533160686	88.760838527007323
4441.58789062499999	3.629304885864258	0.066896446049213	0.066896446049213	88.760838527007323
4441.62988281249999	3.639364242553711	0.067014075815678	0.067014075815678	88.760838527007323
4441.67187499999999	3.649354934692383	0.06712993979454	0.06712993979454	88.760838527007323
4441.71386718749999	3.659381866455078	0.067247338593006	0.067247338593006	88.760838527007323
4441.75585937499999	3.669422149658203	0.067364990711212	0.067364990711212	88.760838527007323
4441.79785156249999	3.679477691650391	0.067482471466064	0.067482471466064	88.760838527007323
4441.83984374999999	3.689197540283203	0.067597545683384	0.067597545683384	88.760838527007323
4441.88085937499999	3.699226379394531	0.067714229226112	0.067714229226112	88.760838527007323
4441.92285156249999	3.709300994873047	0.067831829190254	0.067831829190254	88.760838527007323
4441.96484374999999	3.719335556030273	0.067948088049889	0.067948088049889	88.760838527007323
4442.00683593749999	3.72932243347168	0.068065419793129	0.068065419793129	88.760838527007323
4442.04882812499999	3.739694595336914	0.068187288939953	0.068187288939953	88.760838527007323
4442.09082031249999	3.749732971191406	0.068304933607578	0.068304933607578	88.760838527007323
4442.13281249999999	3.759786605834961	0.068422362208366	0.068422362208366	88.760838527007323
4442.17480468749999	3.769845962524414	0.068541005253792	0.068541005253792	88.760838527007323
4442.21679687499999	3.779890060424805	0.068659581243992	0.068659581243992	88.760838527007323
4442.25878906249999	3.789928436279297	0.068777747452259	0.068777747452259	88.760838527007323
4442.30078124999999	3.800006866455078	0.068895742297173	0.068895742297173	88.760838527007323
4442.34277343749999	3.810033798217773	0.069013826549053	0.069013826549053	88.760838527007323
4442.38476562499999	3.819683074951172	0.069126456975937	0.069126456975937	88.760838527007323
4442.42675781249999	3.829734802246094	0.069243714213371	0.069243714213371	88.760838527007323
4442.46874999999999	3.839776992797852	0.06936227530241	0.06936227530241	88.760838527007323
4442.51074218749999	3.849800109863281	0.069480530917645	0.069480530917645	88.760838527007323
4442.55273437499999	3.859848022460937	0.069598227739334	0.069598227739334	88.760838527007323
4442.59472656249999	3.869903564453125	0.069715596735477	0.069715596735477	88.760838527007323
4442.63671874999999	3.879955291748047	0.069834105670452	0.069834105670452	88.760838527007323
4442.67871093749999	3.889986038208008	0.069951459765434	0.069951459765434	88.760838527007323
4442.72070312499999	3.899959564208984	0.070069119334221	0.070069119334221	88.760838527007323
4442.76171874999999	3.909687042236328	0.070182584226131	0.070182584226131	88.760838527007323
4442.80371093749999	3.91972541809082	0.070301793515682	0.070301793515682	88.760838527007323
4442.84570312499999	3.929763793945312	0.070420317351818	0.070420317351818	88.760838527007323
4442.88769531249999	3.939823150634766	0.070538267493248	0.070538267493248	88.760838527007323
4442.92968749999999	3.949893951416016	0.070657342672348	0.070657342672348	88.760838527007323
4442.97167968749999	3.959928512573242	0.070776596665382	0.070776596665382	88.760838527007323
4443.01367187499999	3.969968795776367	0.070895694196224	0.070895694196224	88.760838527007323
4443.05566406249999	3.980001449584961	0.071015827357769	0.071015827357769	88.760838527007323
4443.09765624999999	3.989999771118164	0.071134567260742	0.071134567260742	88.760838527007323
4443.13964843749999	3.99970817565918	0.071250200271606	0.071250200271606	88.760838527007323
4443.18164062499999	4.009737014770508	0.071367867290974	0.071367867290974	88.760838527007323
4443.22363281249999	4.019771575927734	0.071487210690975	0.071487210690975	88.760838527007323
4443.26562499999999	4.029809951782227	0.071605332195759	0.071605332195759	88.760838527007323
4443.30761718749999	4.039867401123047	0.071724563837051	0.071724563837051	88.760838527007323
4443.34960937499999	4.049928665161133	0.071843512356281	0.071843512356281	88.760838527007323
4443.39160156249999	4.05994987487793	0.071962654590607	0.071962654590607	88.760838527007323
4443.43359374999999	4.06995964050293	0.07208027690649	0.07208027690649	88.760838527007323
4443.47558593749999	4.07965087890625	0.072195343673229	0.072195343673229	88.760838527007323
4443.51757812499999	4.089668273925781	0.072313599288464	0.072313599288464	88.760838527007323
4443.55957031249999	4.099752426147461	0.072432495653629	0.072432495653629	88.760838527007323
4443.60058593749999	4.109781265258789	0.072551339864731	0.072551339864731	88.760838527007323
4443.64257812499999	4.119884490966797	0.072670020163059	0.072670020163059	88.760838527007323
4443.68457031249999	4.129924774169922	0.072788842022419	0.072788842022419	88.760838527007323
4443.72656249999999	4.139978408813477	0.072907395660877	0.072907395660877	88.760838527007323
4443.76855468749999	4.149999618530273	0.073025912046432	0.073025912046432	88.760838527007323
4443.81054687499999	4.159992218017578	0.073143571615219	0.073143571615219	88.760838527007323
4443.85253906249999	4.169713973999023	0.073259525001049	0.073259525001049	88.760838527007323
4443.89453124999999	4.179752349853516	0.073377385735512	0.073377385735512	88.760838527007323
4443.93652343749999	4.189785003662109	0.073496505618095	0.073496505618095	88.760838527007323
4443.97851562499999	4.199827194213867	0.07361576706171	0.07361576706171	88.760838527007323
4444.02050781249999	4.209875106811523	0.073735728859901	0.073735728859901	88.760838527007323
4444.06249999999999	4.219921112060547	0.07385378330946	0.07385378330946	88.760838527007323
4444.10449218749999	4.230295181274414	0.07397636026144	0.07397636026144	88.760838527007323
4444.14648437499999	4.240289688110352	0.07409480959177	0.07409480959177	88.760838527007323
4444.18847656249999	4.250314712524414	0.074213251471519	0.074213251471519	88.760838527007323
4444.23046874999999	4.260387420654297	0.074332267045975	0.074332267045975	88.760838527007323
4444.27246093749999	4.270427703857422	0.074451103806496	0.074451103806496	88.760838527007323
4444.31445312499999	4.280475616455078	0.074569121003151	0.074569121003151	88.760838527007323
4444.35644531249999	4.29054069519043	0.074688777327538	0.074688777327538	88.760838527007323
4444.39843749999999	4.300247192382812	0.074803501367569	0.074803501367569	88.760838527007323
4444.43945312499999	4.310300827026367	0.074921935796738	0.074921935796738	88.760838527007323
4444.48144531249999	4.320335388183594	0.075041443109512	0.075041443109512	88.760838527007323
4444.52343749999999	4.330331802368164	0.075159192085266	0.075159192085266	88.760838527007323
4444.56542968749999	4.340364456176758	0.07527781277895	0.07527781277895	88.760838527007323
4444.60742187499999	4.350412368774414	0.075396679341793	0.075396679341793	88.760838527007323
4444.64941406249999	4.360429763793945	0.075515262782574	0.075515262782574	88.760838527007323
4444.69140624999999	4.370502471923828	0.075634181499481	0.075634181499481	88.760838527007323
4444.73339843749999	4.380197525024414	0.075749360024929	0.075749360024929	88.760838527007323
4444.77539062499999	4.390251159667969	0.075868062674999	0.075868062674999	88.760838527007323
4444.81738281249999	4.400283813476562	0.075986944139004	0.075986944139004	88.760838527007323
4444.85937499999999	4.410348892211914	0.076105512678623	0.076105512678623	88.760838527007323
4444.90136718749999	4.420341491699219	0.076223328709602	0.076223328709602	88.760838527007323
4444.94335937499999	4.430379867553711	0.076343528926373	0.076343528926373	88.760838527007323
4444.98535156249999	4.440422058105469	0.076462812721729	0.076462812721729	88.760838527007323
4445.02734374999999	4.450469970703125	0.076582282781601	0.076582282781601	88.760838527007323
4445.06933593749999	4.460554122924805	0.076702319085598	0.076702319085598	88.760838527007323
4445.11132812499999	4.470256805419922	0.076817184686661	0.076817184686661	88.760838527007323
4445.15332031249999	4.480316162109375	0.076936841011047	0.076936841011047	88.760838527007323
4445.19531249999999	4.490354537963867	0.077055893838406	0.077055893838406	88.760838527007323
4445.23730468749999	4.500350952148437	0.077172540128231	0.077172540128231	88.760838527007323
4445.27929687499999	4.510377883911133	0.077292062342167	0.077292062342167	88.760838527007323
4445.32128906249999	4.520437240600586	0.077411457896233	0.077411457896233	88.760838527007323
4445.36230468749999	4.530467987060547	0.077530056238174	0.077530056238174	88.760838527007323
4445.40429687499999	4.54051399230957	0.077648460865021	0.077648460865021	88.760838527007323
4445.44628906249999	4.550542831420898	0.077767491340637	0.077767491340637	88.760838527007323
4445.48828124999999	4.560266494750977	0.0778828561306	0.0778828561306	88.760838527007323
4445.53027343749999	4.570318222045898	0.078001864254475	0.078001864254475	88.760838527007323
4445.57226562499999	4.580348968505859	0.078120529651642	0.078120529651642	88.760838527007323
4445.61425781249999	4.590330123901367	0.078239001333714	0.078239001333714	88.760838527007323
4445.65624999999999	4.600383758544922	0.078359626233578	0.078359626233578	88.760838527007323
4445.69824218749999	4.610422134399414	0.07847848534584	0.07847848534584	88.760838527007323
4445.74023437499999	4.620456695556641	0.078597344458103	0.078597344458103	88.760838527007323
4445.78222656249999	4.630537033081055	0.078716836869717	0.078716836869717	88.760838527007323
4445.82421874999999	4.640251159667969	0.078831002116203	0.078831002116203	88.760838527007323
4445.86621093749999	4.650287628173828	0.078949190676212	0.078949190676212	88.760838527007323
4445.90820312499999	4.660337448120117	0.079068437218666	0.079068437218666	88.760838527007323
4445.95019531249999	4.670310974121094	0.079184800386429	0.079184800386429	88.760838527007323
4445.99218749999999	4.680341720581055	0.079302988946438	0.079302988946438	88.760838527007323
4446.03417968749999	4.690395355224609	0.079422540962696	0.079422540962696	88.760838527007323
4446.07617187499999	4.700433731079102	0.07954203337431	0.07954203337431	88.760838527007323
4446.11816406249999	4.710483551025391	0.079660817980766	0.079660817980766	88.760838527007323
4446.16015624999999	4.720857620239258	0.079783171415329	0.079783171415329	88.760838527007323
4446.20117187499999	4.730913162231445	0.079900249838829	0.079900249838829	88.760838527007323
4446.24316406249999	4.740974426269531	0.080018296837807	0.080018296837807	88.760838527007323
4446.28515624999999	4.750991821289062	0.080139547586441	0.080139547586441	88.760838527007323
4446.32714843749999	4.760992050170898	0.080259278416634	0.080259278416634	88.760838527007323
4446.36914062499999	4.770709991455078	0.080373995006084	0.080373995006084	88.760838527007323
4446.41113281249999	4.780752182006836	0.080493181943893	0.080493181943893	88.760838527007323
4446.45312499999999	4.790775299072266	0.080612055957317	0.080612055957317	88.760838527007323
4446.49511718749999	4.800880432128906	0.080730371177197	0.080730371177197	88.760838527007323
4446.53710937499999	4.810903549194336	0.080851055681705	0.080851055681705	88.760838527007323
4446.57910156249999	4.820949554443359	0.08096906542778	0.08096906542778	88.760838527007323
4446.62109374999999	4.830991744995117	0.081088967621326	0.081088967621326	88.760838527007323
4446.66308593749999	4.840969085693359	0.081205926835537	0.081205926835537	88.760838527007323
4446.70507812499999	4.851003646850586	0.081324249505997	0.081324249505997	88.760838527007323
4446.74707031249999	4.860712051391602	0.081438854336739	0.081438854336739	88.760838527007323
4446.78906249999999	4.870782852172852	0.081558406352997	0.081558406352997	88.760838527007323
4446.83105468749999	4.880828857421875	0.081676319241524	0.081676319241524	88.760838527007323
4446.87304687499999	4.890876770019531	0.081794567406178	0.081794567406178	88.760838527007323
4446.91503906249999	4.900917053222656	0.081913702189922	0.081913702189922	88.760838527007323
4446.95703124999999	4.910959243774414	0.082030043005943	0.082030043005943	88.760838527007323
4446.99902343749999	4.920989990234375	0.082148276269436	0.082148276269436	88.760838527007323
4447.04101562499999	4.930980682373047	0.08226503431797	0.08226503431797	88.760838527007323
4447.08300781249999	4.940692901611328	0.082379803061485	0.082379803061485	88.760838527007323
4447.12402343749999	4.950740814208984	0.082498282194138	0.082498282194138	88.760838527007323
4447.16601562499999	4.960779190063477	0.082616180181503	0.082616180181503	88.760838527007323
4447.20800781249999	4.970849990844727	0.082734420895576	0.082734420895576	88.760838527007323
4447.24999999999999	4.98090934753418	0.082850880920887	0.082850880920887	88.760838527007323
4447.29199218749999	4.990943908691406	0.082968600094318	0.082968600094318	88.760838527007323
4447.33398437499999	5.0009765625	0.083086058497429	0.083086058497429	88.760838527007323
