[INFO]
Keithley 2400
Meas Time: 4/25/2024 7:56:13 PM
Params: GPIB address = GPIB0::24::INSTR; DataFile = C:\Users\mal\Desktop\data\no_light1; Compliance  Level (0.1) = 0.100000000000000; Number of Points (5) = 1000; Minimum Amplitude (1) = -2.000000000000000; Maximum Amplitude (2) = 5.000000000000000; Timeout (100000 ms) = 100000; Source Mode  (0: Voltage) = 0; 4-wire? = FALSE; delay(S) = 0.000000000000000; Start = ; 

[COMMENT]


[DATA]
time (s)	Voltage (V)	Current (A)	absCurrent (A)	Fitting Resistance (Ohms)

5079.06445312499999	-2.000215530395508	-6.808409125369508E-8	6.808409125369508E-8	17.528914379365602
5079.10644531249999	-1.993242263793945	-6.805430530221201E-8	6.805430530221201E-8	17.528914379365602
5079.14843749999999	-1.986185073852539	-6.838627086835913E-8	6.838627086835913E-8	17.528914379365602
5079.19042968749999	-1.979145050048828	-6.860705070721451E-8	6.860705070721451E-8	17.528914379365602
5079.23242187499999	-1.972095489501953	-6.842390121164499E-8	6.842390121164499E-8	17.528914379365602
5079.27441406249999	-1.96510124206543	-6.842196853540372E-8	6.842196853540372E-8	17.528914379365602
5079.31640624999999	-1.958063125610352	-6.801701601943932E-8	6.801701601943932E-8	17.528914379365602
5079.35839843749999	-1.951055526733398	-6.704783572786255E-8	6.704783572786255E-8	17.528914379365602
5079.40039062499999	-1.943986892700195	-6.687901077384595E-8	6.687901077384595E-8	17.528914379365602
5079.44238281249999	-1.936965942382812	-6.686809683742467E-8	6.686809683742467E-8	17.528914379365602
5079.48437499999999	-1.930295944213867	-6.651771400356665E-8	6.651771400356665E-8	17.528914379365602
5079.52636718749999	-1.923299789428711	-6.641585059696808E-8	6.641585059696808E-8	17.528914379365602
5079.56835937499999	-1.916286468505859	-6.595826107513858E-8	6.595826107513858E-8	17.528914379365602
5079.61035156249999	-1.909236907958984	-6.583366030099569E-8	6.583366030099569E-8	17.528914379365602
5079.65234374999999	-1.902217864990234	-6.534753538289806E-8	6.534753538289806E-8	17.528914379365602
5079.69433593749999	-1.895191192626953	-6.499863047793042E-8	6.499863047793042E-8	17.528914379365602
5079.73632812499999	-1.888156890869141	-6.473965186160058E-8	6.473965186160058E-8	17.528914379365602
5079.77832031249999	-1.881093978881836	-6.45162572254776E-8	6.45162572254776E-8	17.528914379365602
5079.82031249999999	-1.874067306518555	-6.429024779208703E-8	6.429024779208703E-8	17.528914379365602
5079.86230468749999	-1.867036819458008	-6.402160579455085E-8	6.402160579455085E-8	17.528914379365602
5079.90429687499999	-1.860012054443359	-6.392883733497001E-8	6.392883733497001E-8	17.528914379365602
5079.94628906249999	-1.852945327758789	-6.376978944899747E-8	6.376978944899747E-8	17.528914379365602
5079.98828124999999	-1.846267700195312	-6.379048045346281E-8	6.379048045346281E-8	17.528914379365602
5080.02929687499999	-1.83930778503418	-6.37814991932828E-8	6.37814991932828E-8	17.528914379365602
5080.07128906249999	-1.832296371459961	-6.380003014783142E-8	6.380003014783142E-8	17.528914379365602
5080.11328124999999	-1.825250625610352	-6.37899120192742E-8	6.37899120192742E-8	17.528914379365602
5080.15527343749999	-1.818187713623047	-6.357720394589705E-8	6.357720394589705E-8	17.528914379365602
5080.19726562499999	-1.811187744140625	-6.347943326545646E-8	6.347943326545646E-8	17.528914379365602
5080.23925781249999	-1.804155349731445	-6.342395408864832E-8	6.342395408864832E-8	17.528914379365602
5080.28124999999999	-1.797069549560547	-6.337938884826144E-8	6.337938884826144E-8	17.528914379365602
5080.32324218749999	-1.790067672729492	-6.335426405712496E-8	6.335426405712496E-8	17.528914379365602
5080.36523437499999	-1.783058166503906	-6.338518687698524E-8	6.338518687698524E-8	17.528914379365602
5080.40722656249999	-1.776008605957031	-6.352740911097499E-8	6.352740911097499E-8	17.528914379365602
5080.44921874999999	-1.768997192382812	-6.370612481987337E-8	6.370612481987337E-8	17.528914379365602
5080.49121093749999	-1.762325286865234	-6.377592853823444E-8	6.377592853823444E-8	17.528914379365602
5080.53320312499999	-1.755233764648437	-6.387017492670566E-8	6.387017492670566E-8	17.528914379365602
5080.57519531249999	-1.747640609741211	-6.393918283720268E-8	6.393918283720268E-8	17.528914379365602
5080.61718749999999	-1.740604400634766	-6.396260232577333E-8	6.396260232577333E-8	17.528914379365602
5080.65917968749999	-1.733552932739258	-6.397885954356752E-8	6.397885954356752E-8	17.528914379365602
5080.70117187499999	-1.726533889770508	-6.408663466572762E-8	6.408663466572762E-8	17.528914379365602
5080.74316406249999	-1.719844818115234	-6.447442046919605E-8	6.447442046919605E-8	17.528914379365602
5080.78515624999999	-1.712814331054687	-6.515278982988093E-8	6.515278982988093E-8	17.528914379365602
5080.82714843749999	-1.705711364746094	-6.586026302102255E-8	6.586026302102255E-8	17.528914379365602
5080.86914062499999	-1.698741912841797	-6.624611614824971E-8	6.624611614824971E-8	17.528914379365602
5080.91113281249999	-1.691671371459961	-6.642858352279291E-8	6.642858352279291E-8	17.528914379365602
5080.95312499999999	-1.684652328491211	-6.648508588114055E-8	6.648508588114055E-8	17.528914379365602
5080.99511718749999	-1.677587509155273	-6.643449523835443E-8	6.643449523835443E-8	17.528914379365602
5081.03613281249999	-1.670568466186523	-6.649918304901803E-8	6.649918304901803E-8	17.528914379365602
5081.07812499999999	-1.663579940795898	-6.633888460783055E-8	6.633888460783055E-8	17.528914379365602
5081.12011718749999	-1.656576156616211	-6.625327841902617E-8	6.625327841902617E-8	17.528914379365602
5081.16210937499999	-1.649534225463867	-6.622167347813956E-8	6.622167347813956E-8	17.528914379365602
5081.20410156249999	-1.642492294311523	-6.627567472605733E-8	6.627567472605733E-8	17.528914379365602
5081.24609374999999	-1.635784149169922	-6.653419859503629E-8	6.653419859503629E-8	17.528914379365602
5081.28808593749999	-1.628755569458008	-6.685104381176643E-8	6.685104381176643E-8	17.528914379365602
5081.33007812499999	-1.621721267700195	-6.725804269080982E-8	6.725804269080982E-8	17.528914379365602
5081.37207031249999	-1.614648818969727	-6.749030490027508E-8	6.749030490027508E-8	17.528914379365602
5081.41406249999999	-1.607666015625	-6.775155725335935E-8	6.775155725335935E-8	17.528914379365602
5081.45605468749999	-1.600664138793945	-6.763673354726052E-8	6.763673354726052E-8	17.528914379365602
5081.49804687499999	-1.593605041503906	-6.747131919837557E-8	6.747131919837557E-8	17.528914379365602
5081.54003906249999	-1.586572647094727	-6.740663138771197E-8	6.740663138771197E-8	17.528914379365602
5081.58203124999999	-1.579639434814453	-6.742880032106768E-8	6.742880032106768E-8	17.528914379365602
5081.62402343749999	-1.57257080078125	-6.744141956005478E-8	6.744141956005478E-8	17.528914379365602
5081.66601562499999	-1.565546035766602	-6.751167802576674E-8	6.751167802576674E-8	17.528914379365602
5081.70800781249999	-1.558496475219727	-6.757750270480756E-8	6.757750270480756E-8	17.528914379365602
5081.74999999999999	-1.551809310913086	-6.774882876925403E-8	6.774882876925403E-8	17.528914379365602
5081.79199218749999	-1.544790267944336	-6.779350769647863E-8	6.779350769647863E-8	17.528914379365602
5081.83398437499999	-1.537717819213867	-6.790583029214758E-8	6.790583029214758E-8	17.528914379365602
5081.87597656249999	-1.530702590942383	-6.783989192626905E-8	6.783989192626905E-8	17.528914379365602
5081.91796874999999	-1.523628234863281	-6.780317107768497E-8	6.780317107768497E-8	17.528914379365602
5081.95996093749999	-1.516635894775391	-6.766742899344536E-8	6.766742899344536E-8	17.528914379365602
5082.00097656249999	-1.509580612182617	-6.75761384627549E-8	6.75761384627549E-8	17.528914379365602
5082.04296874999999	-1.502557754516602	-6.765867510694079E-8	6.765867510694079E-8	17.528914379365602
5082.08496093749999	-1.495550155639648	-6.787149686715566E-8	6.787149686715566E-8	17.528914379365602
5082.12695312499999	-1.488574981689453	-6.794539331167471E-8	6.794539331167471E-8	17.528914379365602
5082.16894531249999	-1.481527328491211	-6.805828434153227E-8	6.805828434153227E-8	17.528914379365602
5082.21093749999999	-1.474512100219727	-6.824348020018078E-8	6.824348020018078E-8	17.528914379365602
5082.25292968749999	-1.467824935913086	-6.818891051807441E-8	6.818891051807441E-8	17.528914379365602
5082.29492187499999	-1.460758209228516	-6.807078989368165E-8	6.807078989368165E-8	17.528914379365602
5082.33691406249999	-1.453685760498047	-6.795949047955219E-8	6.795949047955219E-8	17.528914379365602
5082.37890624999999	-1.446687698364258	-6.790355655539315E-8	6.790355655539315E-8	17.528914379365602
5082.42089843749999	-1.439661026000977	-6.799473339924589E-8	6.799473339924589E-8	17.528914379365602
5082.46289062499999	-1.432584762573242	-6.794437013013521E-8	6.794437013013521E-8	17.528914379365602
5082.50488281249999	-1.425603866577148	-6.807954378018621E-8	6.807954378018621E-8	17.528914379365602
5082.54687499999999	-1.418552398681641	-6.814127573306905E-8	6.814127573306905E-8	17.528914379365602
5082.58886718749999	-1.411510467529297	-6.908760497026378E-8	6.908760497026378E-8	17.528914379365602
5082.63085937499999	-1.404556274414062	-6.921936801518314E-8	6.921936801518314E-8	17.528914379365602
5082.67285156249999	-1.397541046142578	-6.866991952847457E-8	6.866991952847457E-8	17.528914379365602
5082.71484374999999	-1.390472412109375	-6.842265065643005E-8	6.842265065643005E-8	17.528914379365602
5082.75683593749999	-1.383474349975586	-6.802918051107554E-8	6.802918051107554E-8	17.528914379365602
5082.79882812499999	-1.37677001953125	-6.813968411734095E-8	6.813968411734095E-8	17.528914379365602
5082.84082031249999	-1.369693756103516	-6.811774255766068E-8	6.811774255766068E-8	17.528914379365602
5082.88183593749999	-1.362659454345703	-6.831203336332692E-8	6.831203336332692E-8	17.528914379365602
5082.92382812499999	-1.355646133422852	-6.826292064943118E-8	6.826292064943118E-8	17.528914379365602
5082.96582031249999	-1.348587036132812	-6.833852239651605E-8	6.833852239651605E-8	17.528914379365602
5083.00781249999999	-1.341529846191406	-6.849222700111568E-8	6.849222700111568E-8	17.528914379365602
5083.04980468749999	-1.334531784057617	-6.849177225376479E-8	6.849177225376479E-8	17.528914379365602
5083.09179687499999	-1.327491760253906	-6.853565537312534E-8	6.853565537312534E-8	17.528914379365602
5083.13378906249999	-1.320514678955078	-6.853895229141926E-8	6.853895229141926E-8	17.528914379365602
5083.17578124999999	-1.313505172729492	-6.840377864136826E-8	6.840377864136826E-8	17.528914379365602
5083.21777343749999	-1.30645751953125	-6.825052878411952E-8	6.825052878411952E-8	17.528914379365602
5083.25976562499999	-1.299404144287109	-6.812149422330549E-8	6.812149422330549E-8	17.528914379365602
5083.30175781249999	-1.292716979980469	-6.803043106629048E-8	6.803043106629048E-8	17.528914379365602
5083.34374999999999	-1.285646438598633	-6.811990260757739E-8	6.811990260757739E-8	17.528914379365602
5083.38574218749999	-1.278602600097656	-6.819504960731138E-8	6.819504960731138E-8	17.528914379365602
5083.42773437499999	-1.271568298339844	-6.827110610174714E-8	6.827110610174714E-8	17.528914379365602
5083.46972656249999	-1.264591217041016	-6.841378308308776E-8	6.841378308308776E-8	17.528914379365602
5083.51171874999999	-1.257539749145508	-6.837956334493356E-8	6.837956334493356E-8	17.528914379365602
5083.55371093749999	-1.250480651855469	-6.836830834799912E-8	6.836830834799912E-8	17.528914379365602
5083.59570312499999	-1.2431640625	-6.832465260231402E-8	6.832465260231402E-8	17.528914379365602
5083.63769531249999	-1.236171722412109	-6.826644494140055E-8	6.826644494140055E-8	17.528914379365602
5083.67968749999999	-1.22911262512207	-6.827951892773854E-8	6.827951892773854E-8	17.528914379365602
5083.72070312499999	-1.222126007080078	-6.843004030088196E-8	6.843004030088196E-8	17.528914379365602
5083.76269531249999	-1.215080261230469	-6.857794687675778E-8	6.857794687675778E-8	17.528914379365602
5083.80468749999999	-1.208049774169922	-6.861375823064009E-8	6.861375823064009E-8	17.528914379365602
5083.84667968749999	-1.201030731201172	-6.86879957356723E-8	6.86879957356723E-8	17.528914379365602
5083.88867187499999	-1.193977355957031	-6.866810053907102E-8	6.866810053907102E-8	17.528914379365602
5083.93066406249999	-1.186918258666992	-6.863558610348264E-8	6.863558610348264E-8	17.528914379365602
5083.97265624999999	-1.179920196533203	-6.849666078778682E-8	6.849666078778682E-8	17.528914379365602
5084.01464843749999	-1.172874450683594	-6.831498922110768E-8	6.831498922110768E-8	17.528914379365602
5084.05664062499999	-1.166193008422852	-6.804111762903631E-8	6.804111762903631E-8	17.528914379365602
5084.09863281249999	-1.159160614013672	-6.790901352360379E-8	6.790901352360379E-8	17.528914379365602
5084.14062499999999	-1.152179718017578	-6.785160167055437E-8	6.785160167055437E-8	17.528914379365602
5084.18261718749999	-1.145151138305664	-6.789832696085796E-8	6.789832696085796E-8	17.528914379365602
5084.22460937499999	-1.138097763061523	-6.798859431000892E-8	6.798859431000892E-8	17.528914379365602
5084.26660156249999	-1.131107330322266	-6.810012109781383E-8	6.810012109781383E-8	17.528914379365602
5084.30859374999999	-1.124059677124023	-6.820300768595189E-8	6.820300768595189E-8	17.528914379365602
5084.35058593749999	-1.117012023925781	-6.819641384936403E-8	6.819641384936403E-8	17.528914379365602
5084.39257812499999	-1.109962463378906	-6.828804544056766E-8	6.828804544056766E-8	17.528914379365602
5084.43457031249999	-1.102956771850586	-6.823404419264989E-8	6.823404419264989E-8	17.528914379365602
5084.47656249999999	-1.095943450927734	-6.78433025314007E-8	6.78433025314007E-8	17.528914379365602
5084.51855468749999	-1.088924407958984	-6.832283361291047E-8	6.832283361291047E-8	17.528914379365602
5084.56054687499999	-1.082210540771484	-6.802804364269832E-8	6.802804364269832E-8	17.528914379365602
5084.60253906249999	-1.075189590454102	-6.791879059164785E-8	6.791879059164785E-8	17.528914379365602
5084.64355468749999	-1.068193435668945	-6.789321105316048E-8	6.789321105316048E-8	17.528914379365602
5084.68554687499999	-1.061178207397461	-6.805407792853657E-8	6.805407792853657E-8	17.528914379365602
5084.72753906249999	-1.054176330566406	-6.816503628215287E-8	6.816503628215287E-8	17.528914379365602
5084.76953124999999	-1.047069549560547	-6.817606390541187E-8	6.817606390541187E-8	17.528914379365602
5084.81152343749999	-1.040090560913086	-6.816628683736781E-8	6.816628683736781E-8	17.528914379365602
5084.85351562499999	-1.033063888549805	-6.809864316892345E-8	6.809864316892345E-8	17.528914379365602
5084.89550781249999	-1.025970458984375	-6.78859350955463E-8	6.78859350955463E-8	17.528914379365602
5084.93749999999999	-1.018938064575195	-6.777577254979406E-8	6.777577254979406E-8	17.528914379365602
5084.97949218749999	-1.01194953918457	-6.775519523216644E-8	6.775519523216644E-8	17.528914379365602
5085.02148437499999	-1.004880905151367	-6.769323590560816E-8	6.769323590560816E-8	17.528914379365602
5085.06347656249999	-0.998195648193359	-6.777372618671507E-8	6.777372618671507E-8	17.528914379365602
5085.10546874999999	-0.991167068481445	-6.791617579438025E-8	6.791617579438025E-8	17.528914379365602
5085.14746093749999	-0.984109878540039	-6.798154572607018E-8	6.798154572607018E-8	17.528914379365602
5085.18945312499999	-0.977148056030273	-6.805669272580417E-8	6.805669272580417E-8	17.528914379365602
5085.23144531249999	-0.970146179199219	-6.814059361204272E-8	6.814059361204272E-8	17.528914379365602
5085.27343749999999	-0.963109970092773	-6.79758613841841E-8	6.79758613841841E-8	17.528914379365602
5085.31542968749999	-0.956031799316406	-6.775474048481556E-8	6.775474048481556E-8	17.528914379365602
5085.35644531249999	-0.949024200439453	-6.770051186322235E-8	6.770051186322235E-8	17.528914379365602
5085.39843749999999	-0.941965103149414	-6.769221272406867E-8	6.769221272406867E-8	17.528914379365602
5085.44042968749999	-0.934925079345703	-6.765719717805041E-8	6.765719717805041E-8	17.528914379365602
5085.48242187499999	-0.927900314331055	-6.776303962396923E-8	6.776303962396923E-8	17.528914379365602
5085.52441406249999	-0.920886993408203	-6.783318440284347E-8	6.783318440284347E-8	17.528914379365602
5085.56640624999999	-0.914196014404297	-6.800405571993906E-8	6.800405571993906E-8	17.528914379365602
5085.60839843749999	-0.907167434692383	-6.812581432313891E-8	6.812581432313891E-8	17.528914379365602
5085.65039062499999	-0.900148391723633	-6.816924269514857E-8	6.816924269514857E-8	17.528914379365602
5085.69238281249999	-0.893159866333008	-6.804964414186543E-8	6.804964414186543E-8	17.528914379365602
5085.73437499999999	-0.886144638061523	-6.797245077905245E-8	6.797245077905245E-8	17.528914379365602
5085.77636718749999	-0.879116058349609	-6.77928255754523E-8	6.77928255754523E-8	17.528914379365602
5085.81835937499999	-0.872072219848633	-6.764582849427825E-8	6.764582849427825E-8	17.528914379365602
5085.86035156249999	-0.864990234375	-6.763013971067267E-8	6.763013971067267E-8	17.528914379365602
5085.90234374999999	-0.858011245727539	-6.771426797058666E-8	6.771426797058666E-8	17.528914379365602
5085.94433593749999	-0.850927352905273	-6.783091066608904E-8	6.783091066608904E-8	17.528914379365602
5085.98632812499999	-0.84385871887207	-6.793584361730609E-8	6.793584361730609E-8	17.528914379365602
5086.02832031249999	-0.836858749389648	-6.797404239478055E-8	6.797404239478055E-8	17.528914379365602
5086.07031249999999	-0.830177307128906	-6.800974006182514E-8	6.800974006182514E-8	17.528914379365602
5086.11230468749999	-0.823162078857422	-6.79438016959466E-8	6.79438016959466E-8	17.528914379365602
5086.15429687499999	-0.816127777099609	-6.783955086575588E-8	6.783955086575588E-8	17.528914379365602
5086.19628906249999	-0.809131622314453	-6.768016191927018E-8	6.768016191927018E-8	17.528914379365602
5086.23828124999999	-0.802082061767578	-6.75482851875131E-8	6.75482851875131E-8	17.528914379365602
5086.27929687499999	-0.795085906982422	-6.76155877954443E-8	6.76155877954443E-8	17.528914379365602
5086.32128906249999	-0.788049697875977	-6.765651505702408E-8	6.765651505702408E-8	17.528914379365602
5086.36328124999999	-0.781005859375	-6.772074812033679E-8	6.772074812033679E-8	17.528914379365602
5086.40527343749999	-0.773960113525391	-6.781351657991763E-8	6.781351657991763E-8	17.528914379365602
5086.44726562499999	-0.766931533813477	-6.798450158385094E-8	6.798450158385094E-8	17.528914379365602
5086.48925781249999	-0.7598876953125	-6.795403351134155E-8	6.795403351134155E-8	17.528914379365602
5086.53124999999999	-0.752895355224609	-6.791026407881873E-8	6.791026407881873E-8	17.528914379365602
5086.57324218749999	-0.745561599731445	-6.775326255592518E-8	6.775326255592518E-8	17.528914379365602
5086.61523437499999	-0.738473892211914	-6.763707460777368E-8	6.763707460777368E-8	17.528914379365602
5086.65722656249999	-0.731454849243164	-6.774723715352593E-8	6.774723715352593E-8	17.528914379365602
5086.69921874999999	-0.724468231201172	-6.766151727788383E-8	6.766151727788383E-8	17.528914379365602
5086.74121093749999	-0.717456817626953	-6.772370397811756E-8	6.772370397811756E-8	17.528914379365602
5086.78320312499999	-0.710430145263672	-6.778634542570217E-8	6.778634542570217E-8	17.528914379365602
5086.82519531249999	-0.703706741333008	-6.790651241317391E-8	6.790651241317391E-8	17.528914379365602
5086.86718749999999	-0.696695327758789	-6.814366315666121E-8	6.814366315666121E-8	17.528914379365602
5086.90917968749999	-0.689640045166016	-6.801565177738667E-8	6.801565177738667E-8	17.528914379365602
5086.95117187499999	-0.682559967041016	-6.820403086749138E-8	6.820403086749138E-8	17.528914379365602
5086.99316406249999	-0.67555046081543	-6.820027920184657E-8	6.820027920184657E-8	17.528914379365602
5087.03515624999999	-0.668539047241211	-6.965490229049465E-8	6.965490229049465E-8	17.528914379365602
5087.07714843749999	-0.66142463684082	-7.049209216347663E-8	7.049209216347663E-8	17.528914379365602
5087.11914062499999	-0.654478073120117	-7.029620974208228E-8	7.029620974208228E-8	17.528914379365602
5087.16015624999999	-0.647426605224609	-6.997368018346606E-8	6.997368018346606E-8	17.528914379365602
5087.20214843749999	-0.640359878540039	-6.976472377573373E-8	6.976472377573373E-8	17.528914379365602
5087.24414062499999	-0.633401870727539	-6.866127932880772E-8	6.866127932880772E-8	17.528914379365602
5087.28613281249999	-0.626386642456055	-6.817538178438554E-8	6.817538178438554E-8	17.528914379365602
5087.32812499999999	-0.619674682617187	-6.711877631460084E-8	6.711877631460084E-8	17.528914379365602
5087.37011718749999	-0.612649917602539	-6.599486823688494E-8	6.599486823688494E-8	17.528914379365602
5087.41210937499999	-0.605596542358398	-6.584525635844329E-8	6.584525635844329E-8	17.528914379365602
5087.45410156249999	-0.598512649536133	-6.56023075862322E-8	6.56023075862322E-8	17.528914379365602
5087.49609374999999	-0.591529846191406	-6.607535851799184E-8	6.607535851799184E-8	17.528914379365602
5087.53808593749999	-0.584510803222656	-6.612731340283062E-8	6.612731340283062E-8	17.528914379365602
5087.58007812499999	-0.577465057373047	-6.63228547637118E-8	6.63228547637118E-8	17.528914379365602
5087.62207031249999	-0.570432662963867	-6.659604423475685E-8	6.659604423475685E-8	17.528914379365602
5087.66406249999999	-0.563436508178711	-6.613652203668607E-8	6.613652203668607E-8	17.528914379365602
5087.70605468749999	-0.556362152099609	-6.638003924308578E-8	6.638003924308578E-8	17.528914379365602
5087.74804687499999	-0.549432754516602	-6.645359462709166E-8	6.645359462709166E-8	17.528914379365602
5087.79003906249999	-0.542400360107422	-6.672223662462784E-8	6.672223662462784E-8	17.528914379365602
5087.83203124999999	-0.535680770874023	-6.65421566736768E-8	6.65421566736768E-8	17.528914379365602
5087.87402343749999	-0.528682708740234	-6.636298621742753E-8	6.636298621742753E-8	17.528914379365602
5087.91601562499999	-0.521652221679687	-6.642414973612176E-8	6.642414973612176E-8	17.528914379365602
5087.95800781249999	-0.514610290527344	-6.639072580583161E-8	6.639072580583161E-8	17.528914379365602
5087.99902343749999	-0.507543563842773	-6.656193818344036E-8	6.656193818344036E-8	17.528914379365602
5088.04101562499999	-0.500518798828125	-6.662969553872244E-8	6.662969553872244E-8	17.528914379365602
5088.08300781249999	-0.493492126464844	-6.690368081763154E-8	6.690368081763154E-8	17.528914379365602
5088.12499999999999	-0.486471176147461	-6.687969289487228E-8	6.687969289487228E-8	17.528914379365602
5088.16699218749999	-0.479375839233398	-6.685354492219631E-8	6.685354492219631E-8	17.528914379365602
5088.20898437499999	-0.472415924072266	-6.707500688207801E-8	6.707500688207801E-8	17.528914379365602
5088.25097656249999	-0.465421676635742	-6.678624231426511E-8	6.678624231426511E-8	17.528914379365602
5088.29296874999999	-0.458381652832031	-6.653726813965477E-8	6.653726813965477E-8	17.528914379365602
5088.33496093749999	-0.451700210571289	-6.635877980443183E-8	6.635877980443183E-8	17.528914379365602
5088.37695312499999	-0.44464111328125	-6.646098427154357E-8	6.646098427154357E-8	17.528914379365602
5088.41894531249999	-0.437616348266602	-6.659558948740596E-8	6.659558948740596E-8	17.528914379365602
5088.46093749999999	-0.430557250976562	-6.676737029920332E-8	6.676737029920332E-8	17.528914379365602
5088.50292968749999	-0.423534393310547	-6.709024091833271E-8	6.709024091833271E-8	17.528914379365602
5088.54492187499999	-0.416521072387695	-6.724576451233588E-8	6.724576451233588E-8	17.528914379365602
5088.58691406249999	-0.409509658813477	-6.721211320837028E-8	6.721211320837028E-8	17.528914379365602
5088.62890624999999	-0.402488708496094	-6.706352451146813E-8	6.706352451146813E-8	17.528914379365602
5088.67089843749999	-0.395471572875977	-6.628579285461456E-8	6.628579285461456E-8	17.528914379365602
5088.71289062499999	-0.388402938842773	-6.595689683308592E-8	6.595689683308592E-8	17.528914379365602
5088.75488281249999	-0.381418228149414	-6.602635949093383E-8	6.602635949093383E-8	17.528914379365602
5088.79687499999999	-0.374422073364258	-6.617756298510358E-8	6.617756298510358E-8	17.528914379365602
5088.83886718749999	-0.367733001708984	-6.636298621742753E-8	6.636298621742753E-8	17.528914379365602
5088.87988281249999	-0.360702514648437	-6.65615971229272E-8	6.65615971229272E-8	17.528914379365602
5088.92187499999999	-0.353639602661133	-6.684990694338921E-8	6.684990694338921E-8	17.528914379365602
5088.96386718749999	-0.346601486206055	-6.722314083162928E-8	6.722314083162928E-8	17.528914379365602
5089.00585937499999	-0.339530944824219	-6.707023203489371E-8	6.707023203489371E-8	17.528914379365602
5089.04785156249999	-0.332525253295898	-6.701043275825214E-8	6.701043275825214E-8	17.528914379365602
5089.08984374999999	-0.325506210327148	-6.676953034912003E-8	6.676953034912003E-8	17.528914379365602
5089.13183593749999	-0.318471908569336	-6.659786322416039E-8	6.659786322416039E-8	17.528914379365602
5089.17382812499999	-0.311439514160156	-6.65479547024006E-8	6.65479547024006E-8	17.528914379365602
5089.21582031249999	-0.304410934448242	-6.620985004701652E-8	6.620985004701652E-8	17.528914379365602
5089.25781249999999	-0.297296524047852	-6.61934791423846E-8	6.61934791423846E-8	17.528914379365602
5089.29980468749999	-0.290376663208008	-6.579773526027566E-8	6.579773526027566E-8	17.528914379365602
5089.34179687499999	-0.283361434936523	-6.567904620169429E-8	6.567904620169429E-8	17.528914379365602
5089.38378906249999	-0.276620864868164	-6.525431217596633E-8	6.525431217596633E-8	17.528914379365602
5089.42578124999999	-0.269620895385742	-6.531274721055524E-8	6.531274721055524E-8	17.528914379365602
5089.46777343749999	-0.262569427490234	-6.622542514378438E-8	6.622542514378438E-8	17.528914379365602
5089.50976562499999	-0.255533218383789	-6.691732323815813E-8	6.691732323815813E-8	17.528914379365602
5089.55175781249999	-0.24781608581543	-6.718812528561102E-8	6.718812528561102E-8	17.528914379365602
5089.59374999999999	-0.240819931030273	-6.692800980090396E-8	6.692800980090396E-8	17.528914379365602
5089.63574218749999	-0.234092712402344	-6.733398549840786E-8	6.733398549840786E-8	17.528914379365602
5089.67773437499999	-0.227083206176758	-6.762866178178228E-8	6.762866178178228E-8	17.528914379365602
5089.71972656249999	-0.220064163208008	-6.770392246835399E-8	6.770392246835399E-8	17.528914379365602
5089.76171874999999	-0.212989807128906	-6.763639248674735E-8	6.763639248674735E-8	17.528914379365602
5089.80371093749999	-0.206052780151367	-6.758989457011921E-8	6.758989457011921E-8	17.528914379365602
5089.84472656249999	-0.199016571044922	-6.756818038411438E-8	6.756818038411438E-8	17.528914379365602
5089.88671874999999	-0.191982269287109	-6.759603365935618E-8	6.759603365935618E-8	17.528914379365602
5089.92871093749999	-0.184932708740234	-6.747279712726595E-8	6.747279712726595E-8	17.528914379365602
5089.97070312499999	-0.177946090698242	-6.742516234226059E-8	6.742516234226059E-8	17.528914379365602
5090.01269531249999	-0.170858383178711	-6.728828338964377E-8	6.728828338964377E-8	17.528914379365602
5090.05468749999999	-0.163803100585937	-6.710683919664007E-8	6.710683919664007E-8	17.528914379365602
5090.09667968749999	-0.156797409057617	-6.708819455525372E-8	6.708819455525372E-8	17.528914379365602
5090.13867187499999	-0.150070190429687	-6.70812596581527E-8	6.70812596581527E-8	17.528914379365602
5090.18066406249999	-0.143064498901367	-6.709217359457398E-8	6.709217359457398E-8	17.528914379365602
5090.22265624999999	-0.136045455932617	-6.716209099977277E-8	6.716209099977277E-8	17.528914379365602
5090.26464843749999	-0.129020690917969	-6.728146217938047E-8	6.728146217938047E-8	17.528914379365602
5090.30664062499999	-0.121997833251953	-6.732796009600861E-8	6.732796009600861E-8	17.528914379365602
5090.34863281249999	-0.115011215209961	-6.721143108734395E-8	6.721143108734395E-8	17.528914379365602
5090.39062499999999	-0.107978820800781	-6.7108089751855E-8	6.7108089751855E-8	17.528914379365602
5090.43261718749999	-0.100959777832031	-6.693778686894802E-8	6.693778686894802E-8	17.528914379365602
5090.47460937499999	-0.093843460083008	-6.688128451060038E-8	6.688128451060038E-8	17.528914379365602
5090.51660156249999	-0.086860656738281	-6.701930033159442E-8	6.701930033159442E-8	17.528914379365602
5090.55859374999999	-0.07982063293457	-6.709467470500385E-8	6.709467470500385E-8	17.528914379365602
5090.60058593749999	-0.072765350341797	-6.717914402543101E-8	6.717914402543101E-8	17.528914379365602
5090.64257812499999	-0.066110610961914	-6.722541456838371E-8	6.722541456838371E-8	17.528914379365602
5090.68457031249999	-0.059049606323242	-6.720699730067281E-8	6.720699730067281E-8	17.528914379365602
5090.72656249999999	-0.052032470703125	-6.721518275298877E-8	6.721518275298877E-8	17.528914379365602
5090.76855468749999	-0.044990539550781	-6.721677436871687E-8	6.721677436871687E-8	17.528914379365602
5090.80957031249999	-0.038019180297852	-6.70796680424246E-8	6.70796680424246E-8	17.528914379365602
5090.85156249999999	-0.030990600585937	-6.681000286334893E-8	6.681000286334893E-8	17.528914379365602
5090.89355468749999	-0.023981094360352	-6.670427410426782E-8	6.670427410426782E-8	17.528914379365602
5090.93554687499999	-0.016925811767578	-6.663071872026194E-8	6.663071872026194E-8	17.528914379365602
5090.97753906249999	-0.009908676147461	-6.658240181423025E-8	6.658240181423025E-8	17.528914379365602
5091.01953124999999	-0.002834320068359	-6.666164154012222E-8	6.666164154012222E-8	17.528914379365602
5091.06249999999999	0.004634857177734	-6.686991582682822E-8	6.686991582682822E-8	17.528914379365602
5091.10449218749999	0.011661529541016	-6.666198260063538E-8	6.666198260063538E-8	17.528914379365602
5091.14648437499999	0.018682479858398	-6.6536358644953E-8	6.6536358644953E-8	17.528914379365602
5091.18847656249999	0.025390625	-6.642494554398581E-8	6.642494554398581E-8	17.528914379365602
5091.23046874999999	0.032398223876953	-6.619745818170486E-8	6.619745818170486E-8	17.528914379365602
5091.27246093749999	0.03944206237793	-6.580353328899946E-8	6.580353328899946E-8	17.528914379365602
5091.31445312499999	0.046421051025391	-6.547213615704095E-8	6.547213615704095E-8	17.528914379365602
5091.35644531249999	0.053442001342773	-6.506434147013351E-8	6.506434147013351E-8	17.528914379365602
5091.39843749999999	0.060453414916992	-6.459606538555818E-8	6.459606538555818E-8	17.528914379365602
5091.43945312499999	0.067527770996094	-6.392747309291735E-8	6.392747309291735E-8	17.528914379365602
5091.48144531249999	0.074516296386719	-6.328116342046997E-8	6.328116342046997E-8	17.528914379365602
5091.52343749999999	0.081550598144531	-6.238326477614464E-8	6.238326477614464E-8	17.528914379365602
5091.56542968749999	0.088600158691406	-6.09945800533751E-8	6.09945800533751E-8	17.528914379365602
5091.60742187499999	0.095626831054687	-5.935589797445573E-8	5.935589797445573E-8	17.528914379365602
5091.64941406249999	0.102659225463867	-5.704555405827705E-8	5.704555405827705E-8	17.528914379365602
5091.69140624999999	0.109384536743164	-5.400045210990356E-8	5.400045210990356E-8	17.528914379365602
5091.73339843749999	0.11640739440918	-5.043568762630457E-8	5.043568762630457E-8	17.528914379365602
5091.77539062499999	0.123441696166992	-4.570165401673876E-8	4.570165401673876E-8	17.528914379365602
5091.81738281249999	0.130416870117187	-3.95773440686753E-8	3.95773440686753E-8	17.528914379365602
5091.85937499999999	0.137441635131836	-3.142383775411872E-8	3.142383775411872E-8	17.528914379365602
5091.90136718749999	0.144506454467773	-2.145975486200769E-8	2.145975486200769E-8	17.528914379365602
5091.94335937499999	0.15150260925293	-8.102574611257296E-9	8.102574611257296E-9	17.528914379365602
5091.98535156249999	0.158538818359375	9.95726168184774E-9	9.95726168184774E-9	17.528914379365602
5092.02734374999999	0.165584564208984	3.22157802656875E-8	3.22157802656875E-8	17.528914379365602
5092.06933593749999	0.172658920288086	6.211871550476644E-8	6.211871550476644E-8	17.528914379365602
5092.11132812499999	0.179693222045898	1.012870143313194E-7	1.012870143313194E-7	17.528914379365602
5092.15332031249999	0.186758041381836	1.503893827248248E-7	1.503893827248248E-7	17.528914379365602
5092.19531249999999	0.193822860717773	2.142304538210738E-7	2.142304538210738E-7	17.528914379365602
5092.23730468749999	0.200572967529297	2.927995410573203E-7	2.927995410573203E-7	17.528914379365602
5092.27832031249999	0.207622528076172	3.974506057602412E-7	3.974506057602412E-7	17.528914379365602
5092.32031249999999	0.214611053466797	5.28245436726138E-7	5.28245436726138E-7	17.528914379365602
5092.36230468749999	0.221755981445312	7.001289645813813E-7	7.001289645813813E-7	17.528914379365602
5092.40429687499999	0.227947235107422	8.9045852291747E-7	8.9045852291747E-7	17.528914379365602
5092.44628906249999	0.23112678527832	1.018626903714903E-6	1.018626903714903E-6	17.528914379365602
5092.59082031249999	0.242584228515625	1.556502866151277E-6	1.556502866151277E-6	17.528914379365602
5092.63281249999999	0.249650955200195	1.991050339711364E-6	1.991050339711364E-6	17.528914379365602
5092.67480468749999	0.257020950317383	2.564771421020851E-6	2.564771421020851E-6	17.528914379365602
5092.71679687499999	0.26409912109375	3.246615960961208E-6	3.246615960961208E-6	17.528914379365602
5092.75781249999999	0.271202087402344	4.087009074282832E-6	4.087009074282832E-6	17.528914379365602
5092.79980468749999	0.27824592590332	5.099816917208955E-6	5.099816917208955E-6	17.528914379365602
5092.84179687499999	0.285364151000977	6.341140760923736E-6	6.341140760923736E-6	17.528914379365602
5092.88378906249999	0.292425155639648	7.82514143793378E-6	7.82514143793378E-6	17.528914379365602
5092.92578124999999	0.299459457397461	9.579580364516005E-6	9.579580364516005E-6	17.528914379365602
5093.06542968749999	0.30616569519043	1.17064846563153E-5	1.17064846563153E-5	17.528914379365602
5093.10742187499999	0.31321907043457	1.419449108652771E-5	1.419449108652771E-5	17.528914379365602
5093.14941406249999	0.32020378112793	1.711035292828456E-5	1.711035292828456E-5	17.528914379365602
5093.19140624999999	0.326957702636719	2.041425614152104E-5	2.041425614152104E-5	17.528914379365602
5093.23339843749999	0.334007263183594	2.441267861286178E-5	2.441267861286178E-5	17.528914379365602
5093.27539062499999	0.341020584106445	2.90544776362367E-5	2.90544776362367E-5	17.528914379365602
5093.31738281249999	0.348136901855469	3.45050502801314E-5	3.45050502801314E-5	17.528914379365602
5093.35937499999999	0.355171203613281	4.072448791703209E-5	4.072448791703209E-5	17.528914379365602
5093.40136718749999	0.362272262573242	4.791971150552854E-5	4.791971150552854E-5	17.528914379365602
5093.44335937499999	0.369312286376953	5.61155829927884E-5	5.61155829927884E-5	17.528914379365602
5093.48535156249999	0.376373291015625	6.550285615958273E-5	6.550285615958273E-5	17.528914379365602
5093.52734374999999	0.383441925048828	7.610530883539468E-5	7.610530883539468E-5	17.528914379365602
5093.56933593749999	0.390460968017578	8.810241706669331E-5	8.810241706669331E-5	17.528914379365602
5093.61035156249999	0.397554397583008	0.000101683101093	0.000101683101093	17.528914379365602
5093.74609374999999	0.404211044311523	0.000116669689305	0.000116669689305	17.528914379365602
5093.78808593749999	0.410926818847656	0.000132814049721	0.000132814049721	17.528914379365602
5093.83007812499999	0.417926788330078	0.000151533517055	0.000151533517055	17.528914379365602
5093.87207031249999	0.424953460693359	0.000172478612512	0.000172478612512	17.528914379365602
5093.91406249999999	0.43202018737793	0.000195611268282	0.000195611268282	17.528914379365602
5093.95605468749999	0.439037322998047	0.000221110181883	0.000221110181883	17.528914379365602
5093.99804687499999	0.446075439453125	0.000249008182436	0.000249008182436	17.528914379365602
5094.04003906249999	0.453142166137695	0.000279749277979	0.000279749277979	17.528914379365602
5094.08203124999999	0.460170745849609	0.00031292787753	0.00031292787753	17.528914379365602
5094.12402343749999	0.467245101928711	0.000349143519998	0.000349143519998	17.528914379365602
5094.16601562499999	0.474212646484375	0.000387848296668	0.000387848296668	17.528914379365602
5094.20800781249999	0.481252670288086	0.000429998792242	0.000429998792242	17.528914379365602
5094.24999999999999	0.488334655761719	0.000475486973301	0.000475486973301	17.528914379365602
5094.29199218749999	0.495376586914062	0.000524141418282	0.000524141418282	17.528914379365602
5094.33398437499999	0.502079010009766	0.000573532888666	0.000573532888666	17.528914379365602
5094.37597656249999	0.509122848510742	0.000628598558251	0.000628598558251	17.528914379365602
5094.41796874999999	0.516210556030273	0.0006878390559	0.0006878390559	17.528914379365602
5094.45996093749999	0.523269653320312	0.000750472652726	0.000750472652726	17.528914379365602
5094.50195312499999	0.530336380004883	0.000816972227767	0.000816972227767	17.528914379365602
5094.54394531249999	0.537361145019531	0.000887102796696	0.000887102796696	17.528914379365602
5094.58593749999999	0.544458389282227	0.000962023099419	0.000962023099419	17.528914379365602
5094.62792968749999	0.55150032043457	0.00104039744474	0.00104039744474	17.528914379365602
5094.76171874999999	0.558109283447266	0.001120497472584	0.001120497472584	17.528914379365602
5094.80371093749999	0.565147399902344	0.00120778940618	0.00120778940618	17.528914379365602
5094.84570312499999	0.572187423706055	0.001300142146647	0.001300142146647	17.528914379365602
5094.88769531249999	0.579212188720703	0.001397366635501	0.001397366635501	17.528914379365602
5094.92968749999999	0.585912704467773	0.001495317555964	0.001495317555964	17.528914379365602
5094.97167968749999	0.592920303344727	0.001603292301297	0.001603292301297	17.528914379365602
5095.01367187499999	0.599945068359375	0.001716989092529	0.001716989092529	17.528914379365602
5095.05566406249999	0.607028961181641	0.001838655211031	0.001838655211031	17.528914379365602
5095.09765624999999	0.614070892333984	0.001966333948076	0.001966333948076	17.528914379365602
5095.13964843749999	0.621088027954102	0.002101261168718	0.002101261168718	17.528914379365602
5095.18164062499999	0.628124237060547	0.002244208008051	0.002244208008051	17.528914379365602
5095.22363281249999	0.63517951965332	0.002396236173809	0.002396236173809	17.528914379365602
5095.26562499999999	0.642139434814453	0.002554668113589	0.002554668113589	17.528914379365602
5095.30761718749999	0.649215698242187	0.002726325765252	0.002726325765252	17.528914379365602
5095.34960937499999	0.656232833862305	0.002906950190663	0.002906950190663	17.528914379365602
5095.39160156249999	0.663265228271484	0.003099283203483	0.003099283203483	17.528914379365602
5095.43359374999999	0.670015335083008	0.003295205533504	0.003295205533504	17.528914379365602
5095.47558593749999	0.677022933959961	0.003512025810778	0.003512025810778	17.528914379365602
5095.51757812499999	0.684030532836914	0.003743789158762	0.003743789158762	17.528914379365602
5095.55957031249999	0.69111442565918	0.00399244017899	0.00399244017899	17.528914379365602
5095.60156249999999	0.698186874389648	0.00425764452666	0.00425764452666	17.528914379365602
5095.64355468749999	0.705209732055664	0.004539406858385	0.004539406858385	17.528914379365602
5095.68554687499999	0.712297439575195	0.004841991700232	0.004841991700232	17.528914379365602
5095.72753906249999	0.719293594360352	0.005162677261978	0.005162677261978	17.528914379365602
5095.76953124999999	0.726354598999023	0.005508033558726	0.005508033558726	17.528914379365602
5095.81152343749999	0.733343124389648	0.005872417706996	0.005872417706996	17.528914379365602
5095.85351562499999	0.740402221679687	0.00626574549824	0.00626574549824	17.528914379365602
5095.89550781249999	0.7474365234375	0.006684389896691	0.006684389896691	17.528914379365602
5095.93749999999999	0.754817962646484	0.007154372520745	0.007154372520745	17.528914379365602
5095.97949218749999	0.761857986450195	0.007635223679245	0.007635223679245	17.528914379365602
5096.02050781249999	0.768886566162109	0.008143479004502	0.008143479004502	17.528914379365602
5096.06249999999999	0.775970458984375	0.008690317161381	0.008690317161381	17.528914379365602
5096.10449218749999	0.783025741577148	0.009270427748561	0.009270427748561	17.528914379365602
5096.14648437499999	0.790098190307617	0.009887509979308	0.009887509979308	17.528914379365602
5096.23535156249999	0.796743392944336	0.010525301098824	0.010525301098824	17.528914379365602
5096.27734374999999	0.803470611572266	0.011179454624653	0.011179454624653	17.528914379365602
5096.31933593749999	0.810508728027344	0.011908464133739	0.011908464133739	17.528914379365602
5096.36132812499999	0.817481994628906	0.012671552598476	0.012671552598476	17.528914379365602
5096.40332031249999	0.824527740478516	0.013482362031937	0.013482362031937	17.528914379365602
5096.44433593749999	0.831554412841797	0.014331959187984	0.014331959187984	17.528914379365602
5096.48632812499999	0.83860969543457	0.015232004225254	0.015232004225254	17.528914379365602
5096.52832031249999	0.845602035522461	0.016165621578693	0.016165621578693	17.528914379365602
5096.57031249999999	0.852651596069336	0.017149232327938	0.017149232327938	17.528914379365602
5096.61230468749999	0.859703063964844	0.018177591264248	0.018177591264248	17.528914379365602
5096.65429687499999	0.866729736328125	0.01924916356802	0.01924916356802	17.528914379365602
5096.69628906249999	0.873785018920898	0.020363546907902	0.020363546907902	17.528914379365602
5096.73828124999999	0.880838394165039	0.021522402763367	0.021522402763367	17.528914379365602
5096.78027343749999	0.887535095214844	0.022663861513138	0.022663861513138	17.528914379365602
5096.82226562499999	0.894563674926758	0.023900493979454	0.023900493979454	17.528914379365602
5096.86425781249999	0.901538848876953	0.025173179805279	0.025173179805279	17.528914379365602
5096.90624999999999	0.90858268737793	0.02649898827076	0.02649898827076	17.528914379365602
5096.94824218749999	0.915622711181641	0.027863457798958	0.027863457798958	17.528914379365602
5096.99023437499999	0.922613143920898	0.029262453317642	0.029262453317642	17.528914379365602
5097.03222656249999	0.929693222045898	0.030714072287083	0.030714072287083	17.528914379365602
5097.07421874999999	0.936695098876953	0.032191909849644	0.032191909849644	17.528914379365602
5097.11621093749999	0.943748474121094	0.033715568482876	0.033715568482876	17.528914379365602
5097.15820312499999	0.950796127319336	0.035277001559734	0.035277001559734	17.528914379365602
5097.20019531249999	0.957841873168945	0.036875538527966	0.036875538527966	17.528914379365602
5097.24218749999999	0.964872360229492	0.03850644081831	0.03850644081831	17.528914379365602
5097.28417968749999	0.971591949462891	0.040096692740917	0.040096692740917	17.528914379365602
5097.32617187499999	0.978616714477539	0.04179785400629	0.04179785400629	17.528914379365602
5097.36816406249999	0.985588073730469	0.043506637215614	0.043506637215614	17.528914379365602
5097.41015624999999	0.99266242980957	0.045280754566193	0.045280754566193	17.528914379365602
5097.45214843749999	0.999679565429687	0.047079131007195	0.047079131007195	17.528914379365602
5097.49414062499999	1.0067138671875	0.048903174698353	0.048903174698353	17.528914379365602
5097.53613281249999	1.013750076293945	0.05076115578413	0.05076115578413	17.528914379365602
5097.57812499999999	1.020807266235352	0.052650652825832	0.052650652825832	17.528914379365602
5097.61914062499999	1.027847290039062	0.054564535617828	0.054564535617828	17.528914379365602
5097.66113281249999	1.03492546081543	0.056518770754337	0.056518770754337	17.528914379365602
5097.70312499999999	1.041955947875977	0.058484852313995	0.058484852313995	17.528914379365602
5097.74511718749999	1.048973083496094	0.060480445623398	0.060480445623398	17.528914379365602
5097.78710937499999	1.056037902832031	0.062511637806892	0.062511637806892	17.528914379365602
5097.82910156249999	1.062734603881836	0.064458847045898	0.064458847045898	17.528914379365602
5097.87109374999999	1.069757461547852	0.066530145704746	0.066530145704746	17.528914379365602
5097.91308593749999	1.076763153076172	0.068606451153755	0.068606451153755	17.528914379365602
5097.95507812499999	1.08380126953125	0.070728085935116	0.070728085935116	17.528914379365602
5097.99707031249999	1.090829849243164	0.07286574691534	0.07286574691534	17.528914379365602
5098.03906249999999	1.097877502441406	0.075035192072392	0.075035192072392	17.528914379365602
5098.08105468749999	1.104877471923828	0.077206067740917	0.077206067740917	17.528914379365602
5098.12304687499999	1.111928939819336	0.079414129257202	0.079414129257202	17.528914379365602
5098.16503906249999	1.11897087097168	0.081641525030136	0.081641525030136	17.528914379365602
5098.20703124999999	1.126026153564453	0.083893455564976	0.083893455564976	17.528914379365602
5098.24902343749999	1.133062362670898	0.086150802671909	0.086150802671909	17.528914379365602
5098.29101562499999	1.140106201171875	0.088446088135242	0.088446088135242	17.528914379365602
5098.33300781249999	1.146804809570312	0.090637914836407	0.090637914836407	17.528914379365602
5098.37499999999999	1.15385627746582	0.092949718236923	0.092949718236923	17.528914379365602
5098.41699218749999	1.160856246948242	0.095269218087196	0.095269218087196	17.528914379365602
5098.45800781249999	1.167869567871094	0.097625069320202	0.097625069320202	17.528914379365602
5098.49999999999999	1.174867630004883	0.099971532821655	0.099971532821655	17.528914379365602
5098.54296874999999	1.174861907958984	0.099996469914913	0.099996469914913	17.528914379365602
5098.58496093749999	1.174840927124023	0.099996455013752	0.099996455013752	17.528914379365602
5098.62695312499999	1.174827575683594	0.099996492266655	0.099996492266655	17.528914379365602
5098.66992187499999	1.174835205078125	0.099996462464333	0.099996462464333	17.528914379365602
5098.71191406249999	1.174819946289062	0.099996507167816	0.099996507167816	17.528914379365602
5098.75390624999999	1.174831390380859	0.099996499717236	0.099996499717236	17.528914379365602
5098.79589843749999	1.174814224243164	0.09999643266201	0.09999643266201	17.528914379365602
5098.83886718749999	1.174777984619141	0.099996462464333	0.099996462464333	17.528914379365602
5098.88085937499999	1.174812316894531	0.099996395409107	0.099996395409107	17.528914379365602
5098.92285156249999	1.1748046875	0.099996447563171	0.099996447563171	17.528914379365602
5098.96484374999999	1.1748046875	0.099996469914913	0.099996469914913	17.528914379365602
5099.00781249999999	1.174814224243164	0.099996455013752	0.099996455013752	17.528914379365602
5099.04980468749999	1.174787521362305	0.099996447563171	0.099996447563171	17.528914379365602
5099.09179687499999	1.174787521362305	0.099996462464333	0.099996462464333	17.528914379365602
5099.13378906249999	1.174787521362305	0.099996507167816	0.099996507167816	17.528914379365602
5099.17675781249999	1.174751281738281	0.099996484816074	0.099996484816074	17.528914379365602
5099.21874999999999	1.174764633178711	0.099996462464333	0.099996462464333	17.528914379365602
5099.26074218749999	1.174774169921875	0.099996455013752	0.099996455013752	17.528914379365602
5099.30273437499999	1.174751281738281	0.099996469914913	0.099996469914913	17.528914379365602
5099.34570312499999	1.174755096435547	0.099996447563171	0.099996447563171	17.528914379365602
5099.38769531249999	1.174737930297852	0.099996447563171	0.099996447563171	17.528914379365602
5099.42968749999999	1.174722671508789	0.099996417760849	0.099996417760849	17.528914379365602
5099.47265624999999	1.174718856811523	0.09999643266201	0.09999643266201	17.528914379365602
5099.51464843749999	1.174711227416992	0.099996440112591	0.099996440112591	17.528914379365602
5099.55664062499999	1.174707412719727	0.099996447563171	0.099996447563171	17.528914379365602
5099.59863281249999	1.174718856811523	0.099996499717236	0.099996499717236	17.528914379365602
5099.64160156249999	1.174697875976562	0.099996492266655	0.099996492266655	17.528914379365602
5099.68359374999999	1.174705505371094	0.099996484816074	0.099996484816074	17.528914379365602
5099.72558593749999	1.174703598022461	0.099996440112591	0.099996440112591	17.528914379365602
5099.76757812499999	1.174709320068359	0.099996387958527	0.099996387958527	17.528914379365602
5099.81054687499999	1.174688339233398	0.09999643266201	0.09999643266201	17.528914379365602
5099.85253906249999	1.1746826171875	0.099996455013752	0.099996455013752	17.528914379365602
5099.89453124999999	1.174673080444336	0.099996417760849	0.099996417760849	17.528914379365602
5099.93749999999999	1.174676895141602	0.099996462464333	0.099996462464333	17.528914379365602
5099.97949218749999	1.1746826171875	0.099996380507946	0.099996380507946	17.528914379365602
5100.02148437499999	1.174663543701172	0.099996462464333	0.099996462464333	17.528914379365602
5100.06347656249999	1.174657821655273	0.099996417760849	0.099996417760849	17.528914379365602
5100.10644531249999	1.174644470214844	0.099996395409107	0.099996395409107	17.528914379365602
5100.14843749999999	1.174638748168945	0.099996440112591	0.099996440112591	17.528914379365602
5100.19042968749999	1.174615859985352	0.09999643266201	0.09999643266201	17.528914379365602
5100.23242187499999	1.17462158203125	0.09999642521143	0.09999642521143	17.528914379365602
5100.27539062499999	1.174636840820312	0.099996387958527	0.099996387958527	17.528914379365602
5100.31738281249999	1.174627304077148	0.099996469914913	0.099996469914913	17.528914379365602
5100.35937499999999	1.174613952636719	0.099996350705624	0.099996350705624	17.528914379365602
5100.40136718749999	1.174619674682617	0.099996410310268	0.099996410310268	17.528914379365602
5100.44433593749999	1.174592971801758	0.099996455013752	0.099996455013752	17.528914379365602
5100.48632812499999	1.174602508544922	0.099996455013752	0.099996455013752	17.528914379365602
5100.52832031249999	1.174591064453125	0.099996417760849	0.099996417760849	17.528914379365602
5100.57031249999999	1.174579620361328	0.099996455013752	0.099996455013752	17.528914379365602
5100.61328124999999	1.174562454223633	0.099996380507946	0.099996380507946	17.528914379365602
5100.65527343749999	1.174560546875	0.099996380507946	0.099996380507946	17.528914379365602
5100.69726562499999	1.174570083618164	0.09999642521143	0.09999642521143	17.528914379365602
5100.74023437499999	1.174539566040039	0.099996477365494	0.099996477365494	17.528914379365602
5100.78222656249999	1.174543380737305	0.099996373057365	0.099996373057365	17.528914379365602
5100.82421874999999	1.174587249755859	0.099996373057365	0.099996373057365	17.528914379365602
5100.86621093749999	1.174556732177734	0.09999643266201	0.09999643266201	17.528914379365602
5100.90917968749999	1.17454719543457	0.099996402859688	0.099996402859688	17.528914379365602
5100.95117187499999	1.174551010131836	0.099996402859688	0.099996402859688	17.528914379365602
5100.99316406249999	1.17454719543457	0.099996350705624	0.099996350705624	17.528914379365602
5101.03515624999999	1.174564361572266	0.099996402859688	0.099996402859688	17.528914379365602
5101.07812499999999	1.174522399902344	0.099996440112591	0.099996440112591	17.528914379365602
5101.12011718749999	1.174520492553711	0.099996410310268	0.099996410310268	17.528914379365602
5101.16210937499999	1.17449951171875	0.09999642521143	0.09999642521143	17.528914379365602
5101.20507812499999	1.174516677856445	0.099996417760849	0.099996417760849	17.528914379365602
5101.24707031249999	1.174509048461914	0.099996417760849	0.099996417760849	17.528914379365602
5101.28906249999999	1.174509048461914	0.09999643266201	0.09999643266201	17.528914379365602
5101.33105468749999	1.174493789672852	0.099996402859688	0.099996402859688	17.528914379365602
5101.37402343749999	1.17448616027832	0.099996365606785	0.099996365606785	17.528914379365602
5101.41601562499999	1.174476623535156	0.09999642521143	0.09999642521143	17.528914379365602
5101.45800781249999	1.174470901489258	0.09999643266201	0.09999643266201	17.528914379365602
5101.49999999999999	1.174457550048828	0.099996477365494	0.099996477365494	17.528914379365602
5101.54296874999999	1.174449920654297	0.09999642521143	0.09999642521143	17.528914379365602
5101.58496093749999	1.174446105957031	0.099996380507946	0.099996380507946	17.528914379365602
5101.62695312499999	1.174432754516602	0.099996343255043	0.099996343255043	17.528914379365602
5101.66894531249999	1.174453735351562	0.099996417760849	0.099996417760849	17.528914379365602
5101.71191406249999	1.174459457397461	0.099996380507946	0.099996380507946	17.528914379365602
5101.75390624999999	1.174436569213867	0.09999642521143	0.09999642521143	17.528914379365602
5101.79589843749999	1.174436569213867	0.099996373057365	0.099996373057365	17.528914379365602
5101.83886718749999	1.174423217773437	0.099996335804462	0.099996335804462	17.528914379365602
5101.88085937499999	1.174413681030273	0.099996387958527	0.099996387958527	17.528914379365602
5101.92285156249999	1.174423217773437	0.099996313452721	0.099996313452721	17.528914379365602
5101.96484374999999	1.174407958984375	0.099996358156204	0.099996358156204	17.528914379365602
5102.00781249999999	1.174404144287109	0.099996387958527	0.099996387958527	17.528914379365602
5102.04980468749999	1.174409866333008	0.099996417760849	0.099996417760849	17.528914379365602
5102.09179687499999	1.174407958984375	0.099996343255043	0.099996343255043	17.528914379365602
5102.13378906249999	1.174386978149414	0.099996402859688	0.099996402859688	17.528914379365602
5102.17675781249999	1.17439079284668	0.099996455013752	0.099996455013752	17.528914379365602
5102.21874999999999	1.174381256103516	0.099996373057365	0.099996373057365	17.528914379365602
5102.26074218749999	1.174373626708984	0.09999642521143	0.09999642521143	17.528914379365602
5102.30273437499999	1.174394607543945	0.099996395409107	0.099996395409107	17.528914379365602
5102.34570312499999	1.17437744140625	0.099996335804462	0.099996335804462	17.528914379365602
5102.38769531249999	1.174373626708984	0.099996358156204	0.099996358156204	17.528914379365602
5102.42968749999999	1.174356460571289	0.099996350705624	0.099996350705624	17.528914379365602
5102.47167968749999	1.174386978149414	0.099996313452721	0.099996313452721	17.528914379365602
5102.51464843749999	1.174341201782227	0.099996417760849	0.099996417760849	17.528914379365602
5102.55664062499999	1.174346923828125	0.099996380507946	0.099996380507946	17.528914379365602
5102.59863281249999	1.174327850341797	0.099996350705624	0.099996350705624	17.528914379365602
5102.64160156249999	1.174331665039062	0.099996417760849	0.099996417760849	17.528914379365602
5102.68359374999999	1.174348831176758	0.099996365606785	0.099996365606785	17.528914379365602
5102.72558593749999	1.174314498901367	0.09999643266201	0.09999643266201	17.528914379365602
5102.76757812499999	1.17430305480957	0.099996462464333	0.099996462464333	17.528914379365602
5102.81054687499999	1.174320220947266	0.099996387958527	0.099996387958527	17.528914379365602
5102.85253906249999	1.174325942993164	0.09999642521143	0.09999642521143	17.528914379365602
5102.89453124999999	1.174327850341797	0.099996395409107	0.099996395409107	17.528914379365602
5102.93652343749999	1.174301147460937	0.099996395409107	0.099996395409107	17.528914379365602
5102.97949218749999	1.17430305480957	0.099996373057365	0.099996373057365	17.528914379365602
5103.02148437499999	1.174291610717773	0.099996410310268	0.099996410310268	17.528914379365602
5103.06347656249999	1.174282073974609	0.099996484816074	0.099996484816074	17.528914379365602
5103.10546874999999	1.174264907836914	0.099996447563171	0.099996447563171	17.528914379365602
5103.14843749999999	1.174282073974609	0.099996402859688	0.099996402859688	17.528914379365602
5103.19042968749999	1.174261093139648	0.099996373057365	0.099996373057365	17.528914379365602
5103.23242187499999	1.174264907836914	0.09999643266201	0.09999643266201	17.528914379365602
5103.27539062499999	1.174270629882812	0.09999642521143	0.09999642521143	17.528914379365602
5103.31738281249999	1.174264907836914	0.099996387958527	0.099996387958527	17.528914379365602
5103.35937499999999	1.17425537109375	0.099996447563171	0.099996447563171	17.528914379365602
5103.40136718749999	1.174253463745117	0.099996328353882	0.099996328353882	17.528914379365602
5103.44433593749999	1.174245834350586	0.099996410310268	0.099996410310268	17.528914379365602
5103.48632812499999	1.174217224121094	0.099996380507946	0.099996380507946	17.528914379365602
5103.52832031249999	1.174219131469727	0.09999642521143	0.09999642521143	17.528914379365602
5103.57031249999999	1.174219131469727	0.099996410310268	0.099996410310268	17.528914379365602
5103.61328124999999	1.174205780029297	0.099996358156204	0.099996358156204	17.528914379365602
5103.65527343749999	1.17420768737793	0.099996343255043	0.099996343255043	17.528914379365602
5103.69726562499999	1.174213409423828	0.099996335804462	0.099996335804462	17.528914379365602
5103.73925781249999	1.174188613891602	0.099996343255043	0.099996343255043	17.528914379365602
5103.78222656249999	1.17418098449707	0.099996343255043	0.099996343255043	17.528914379365602
5103.82421874999999	1.17418098449707	0.099996440112591	0.099996440112591	17.528914379365602
5103.86621093749999	1.174198150634766	0.09999643266201	0.09999643266201	17.528914379365602
5103.90820312499999	1.174167633056641	0.099996492266655	0.099996492266655	17.528914379365602
5103.95117187499999	1.174179077148437	0.099996410310268	0.099996410310268	17.528914379365602
5103.99316406249999	1.174154281616211	0.099996365606785	0.099996365606785	17.528914379365602
5104.03515624999999	1.174142837524414	0.099996522068977	0.099996522068977	17.528914379365602
5104.07714843749999	1.174129486083984	0.099996447563171	0.099996447563171	17.528914379365602
5104.12011718749999	1.174142837524414	0.099996365606785	0.099996365606785	17.528914379365602
5104.16210937499999	1.174123764038086	0.09999643266201	0.09999643266201	17.528914379365602
5104.20410156249999	1.174118041992187	0.099996410310268	0.099996410310268	17.528914379365602
5104.24707031249999	1.174142837524414	0.099996395409107	0.099996395409107	17.528914379365602
5104.28906249999999	1.174125671386719	0.09999643266201	0.09999643266201	17.528914379365602
5104.33105468749999	1.17414665222168	0.099996387958527	0.099996387958527	17.528914379365602
5104.37304687499999	1.174127578735352	0.099996387958527	0.099996387958527	17.528914379365602
5104.41601562499999	1.174142837524414	0.099996335804462	0.099996335804462	17.528914379365602
5104.45800781249999	1.174116134643555	0.09999643266201	0.09999643266201	17.528914379365602
5104.49999999999999	1.174104690551758	0.099996335804462	0.099996335804462	17.528914379365602
5104.54199218749999	1.174095153808594	0.099996335804462	0.099996335804462	17.528914379365602
5104.58496093749999	1.174108505249023	0.09999643266201	0.09999643266201	17.528914379365602
5104.62695312499999	1.174070358276367	0.099996343255043	0.099996343255043	17.528914379365602
5104.66894531249999	1.174079895019531	0.099996350705624	0.099996350705624	17.528914379365602
5104.71191406249999	1.174066543579102	0.099996402859688	0.099996402859688	17.528914379365602
5104.75390624999999	1.174076080322266	0.099996380507946	0.099996380507946	17.528914379365602
5104.79589843749999	1.174068450927734	0.099996358156204	0.099996358156204	17.528914379365602
5104.83789062499999	1.174066543579102	0.099996380507946	0.099996380507946	17.528914379365602
5104.88085937499999	1.174064636230469	0.099996335804462	0.099996335804462	17.528914379365602
5104.92285156249999	1.174049377441406	0.099996387958527	0.099996387958527	17.528914379365602
5104.96484374999999	1.17405891418457	0.099996320903301	0.099996320903301	17.528914379365602
5105.00683593749999	1.174045562744141	0.099996350705624	0.099996350705624	17.528914379365602
5105.04980468749999	1.174041748046875	0.099996417760849	0.099996417760849	17.528914379365602
5105.09179687499999	1.174032211303711	0.099996283650398	0.099996283650398	17.528914379365602
5105.13378906249999	1.17402458190918	0.099996395409107	0.099996395409107	17.528914379365602
5105.17675781249999	1.174028396606445	0.099996335804462	0.099996335804462	17.528914379365602
5105.21874999999999	1.174018859863281	0.099996358156204	0.099996358156204	17.528914379365602
5105.26074218749999	1.174028396606445	0.099996358156204	0.099996358156204	17.528914379365602
5105.30273437499999	1.174022674560547	0.099996380507946	0.099996380507946	17.528914379365602
5105.34570312499999	1.174001693725586	0.099996402859688	0.099996402859688	17.528914379365602
5105.38769531249999	1.174022674560547	0.099996358156204	0.099996358156204	17.528914379365602
5105.42968749999999	1.174009323120117	0.099996440112591	0.099996440112591	17.528914379365602
5105.47167968749999	1.173995971679687	0.099996313452721	0.099996313452721	17.528914379365602
5105.51464843749999	1.173995971679687	0.099996328353882	0.099996328353882	17.528914379365602
5105.55664062499999	1.173992156982422	0.099996380507946	0.099996380507946	17.528914379365602
5105.59863281249999	1.173990249633789	0.099996410310268	0.099996410310268	17.528914379365602
5105.64062499999999	1.173969268798828	0.099996350705624	0.099996350705624	17.528914379365602
5105.68359374999999	1.173976898193359	0.09999630600214	0.09999630600214	17.528914379365602
5105.72558593749999	1.173976898193359	0.099996320903301	0.099996320903301	17.528914379365602
5105.76757812499999	1.173976898193359	0.09999630600214	0.09999630600214	17.528914379365602
5105.80957031249999	1.173986434936523	0.099996358156204	0.099996358156204	17.528914379365602
5105.85253906249999	1.173990249633789	0.099996335804462	0.099996335804462	17.528914379365602
5105.89453124999999	1.173952102661133	0.099996358156204	0.099996358156204	17.528914379365602
5105.93652343749999	1.173954010009766	0.099996350705624	0.099996350705624	17.528914379365602
5105.97851562499999	1.173965454101562	0.099996313452721	0.099996313452721	17.528914379365602
5106.02148437499999	1.173933029174805	0.099996335804462	0.099996335804462	17.528914379365602
5106.06347656249999	1.173940658569336	0.099996298551559	0.099996298551559	17.528914379365602
5106.10546874999999	1.17393684387207	0.099996268749237	0.099996268749237	17.528914379365602
5106.14746093749999	1.173923492431641	0.099996350705624	0.099996350705624	17.528914379365602
5106.19042968749999	1.173929214477539	0.099996298551559	0.099996298551559	17.528914379365602
5106.23242187499999	1.173940658569336	0.099996268749237	0.099996268749237	17.528914379365602
5106.27441406249999	1.173934936523437	0.099996283650398	0.099996283650398	17.528914379365602
5106.31640624999999	1.173915863037109	0.099996320903301	0.099996320903301	17.528914379365602
5106.35937499999999	1.173913955688477	0.099996395409107	0.099996395409107	17.528914379365602
5106.40136718749999	1.173894882202148	0.099996335804462	0.099996335804462	17.528914379365602
5106.44335937499999	1.173906326293945	0.099996373057365	0.099996373057365	17.528914379365602
5106.48632812499999	1.173892974853516	0.09999630600214	0.09999630600214	17.528914379365602
5106.52832031249999	1.173900604248047	0.099996335804462	0.099996335804462	17.528914379365602
5106.57031249999999	1.173908233642578	0.099996350705624	0.099996350705624	17.528914379365602
5106.61230468749999	1.173906326293945	0.099996291100979	0.099996291100979	17.528914379365602
5106.65527343749999	1.17388916015625	0.099996350705624	0.099996350705624	17.528914379365602
5106.69726562499999	1.173910140991211	0.099996358156204	0.099996358156204	17.528914379365602
5106.73925781249999	1.173904418945312	0.099996343255043	0.099996343255043	17.528914379365602
5106.78124999999999	1.173879623413086	0.099996395409107	0.099996395409107	17.528914379365602
5106.82421874999999	1.173887252807617	0.099996350705624	0.099996350705624	17.528914379365602
5106.86621093749999	1.173887252807617	0.099996455013752	0.099996455013752	17.528914379365602
5106.90820312499999	1.173870086669922	0.09999643266201	0.09999643266201	17.528914379365602
5106.95019531249999	1.17387580871582	0.099996402859688	0.099996402859688	17.528914379365602
5106.99316406249999	1.173845291137695	0.099996373057365	0.099996373057365	17.528914379365602
5107.03515624999999	1.173812866210937	0.099996387958527	0.099996387958527	17.528914379365602
5107.07714843749999	1.173807144165039	0.099996358156204	0.099996358156204	17.528914379365602
5107.12011718749999	1.173786163330078	0.099996328353882	0.099996328353882	17.528914379365602
5107.16210937499999	1.173784255981445	0.099996410310268	0.099996410310268	17.528914379365602
5107.20410156249999	1.173770904541016	0.099996350705624	0.099996350705624	17.528914379365602
5107.24609374999999	1.17375373840332	0.099996440112591	0.099996440112591	17.528914379365602
5107.28906249999999	1.173740386962891	0.099996350705624	0.099996350705624	17.528914379365602
5107.33105468749999	1.173746109008789	0.099996373057365	0.099996373057365	17.528914379365602
5107.37304687499999	1.173736572265625	0.099996350705624	0.099996350705624	17.528914379365602
5107.41503906249999	1.173723220825195	0.099996380507946	0.099996380507946	17.528914379365602
5107.45800781249999	1.173738479614258	0.099996350705624	0.099996350705624	17.528914379365602
5107.49999999999999	1.173740386962891	0.099996350705624	0.099996350705624	17.528914379365602
5107.54199218749999	1.173725128173828	0.099996350705624	0.099996350705624	17.528914379365602
5107.58398437499999	1.173736572265625	0.099996380507946	0.099996380507946	17.528914379365602
5107.62695312499999	1.173721313476562	0.099996395409107	0.099996395409107	17.528914379365602
5107.66894531249999	1.173713684082031	0.099996298551559	0.099996298551559	17.528914379365602
5107.71093749999999	1.173711776733398	0.099996417760849	0.099996417760849	17.528914379365602
5107.75292968749999	1.173673629760742	0.099996373057365	0.099996373057365	17.528914379365602
5107.79589843749999	1.173662185668945	0.099996380507946	0.099996380507946	17.528914379365602
5107.83789062499999	1.173673629760742	0.099996320903301	0.099996320903301	17.528914379365602
5107.87988281249999	1.173686981201172	0.099996380507946	0.099996380507946	17.528914379365602
5107.92285156249999	1.173662185668945	0.099996358156204	0.099996358156204	17.528914379365602
5107.96484374999999	1.173660278320312	0.099996395409107	0.099996395409107	17.528914379365602
5108.00683593749999	1.173662185668945	0.099996373057365	0.099996373057365	17.528914379365602
5108.04882812499999	1.173648834228516	0.099996320903301	0.099996320903301	17.528914379365602
5108.09179687499999	1.173656463623047	0.09999630600214	0.09999630600214	17.528914379365602
5108.13378906249999	1.173664093017578	0.099996365606785	0.099996365606785	17.528914379365602
5108.17578124999999	1.173671722412109	0.099996350705624	0.099996350705624	17.528914379365602
5108.21777343749999	1.173635482788086	0.099996320903301	0.099996320903301	17.528914379365602
5108.26074218749999	1.173648834228516	0.099996276199818	0.099996276199818	17.528914379365602
5108.30273437499999	1.173637390136719	0.099996328353882	0.099996328353882	17.528914379365602
5108.34472656249999	1.173608779907227	0.09999630600214	0.09999630600214	17.528914379365602
5108.38671874999999	1.173625946044922	0.099996350705624	0.099996350705624	17.528914379365602
5108.42968749999999	1.173637390136719	0.099996335804462	0.099996335804462	17.528914379365602
5108.47167968749999	1.173637390136719	0.099996387958527	0.099996387958527	17.528914379365602
5108.51367187499999	1.17363166809082	0.099996268749237	0.099996268749237	17.528914379365602
5108.55664062499999	1.173625946044922	0.099996298551559	0.099996298551559	17.528914379365602
5108.59863281249999	1.173625946044922	0.099996350705624	0.099996350705624	17.528914379365602
5108.64062499999999	1.173604965209961	0.099996335804462	0.099996335804462	17.528914379365602
5108.68261718749999	1.173622131347656	0.09999630600214	0.09999630600214	17.528914379365602
5108.72558593749999	1.173601150512695	0.099996320903301	0.099996320903301	17.528914379365602
5108.76757812499999	1.173595428466797	0.099996268749237	0.099996268749237	17.528914379365602
5108.80957031249999	1.173601150512695	0.099996298551559	0.099996298551559	17.528914379365602
5108.85156249999999	1.17359733581543	0.099996373057365	0.099996373057365	17.528914379365602
5108.89453124999999	1.173585891723633	0.099996253848076	0.099996253848076	17.528914379365602
5108.93652343749999	1.173574447631836	0.099996350705624	0.099996350705624	17.528914379365602
5108.97851562499999	1.173604965209961	0.099996276199818	0.099996276199818	17.528914379365602
5109.02050781249999	1.173578262329102	0.099996343255043	0.099996343255043	17.528914379365602
5109.06347656249999	1.173578262329102	0.099996276199818	0.099996276199818	17.528914379365602
5109.10546874999999	1.173561096191406	0.099996276199818	0.099996276199818	17.528914379365602
5109.14746093749999	1.173566818237305	0.099996313452721	0.099996313452721	17.528914379365602
5109.18945312499999	1.173566818237305	0.099996283650398	0.099996283650398	17.528914379365602
5109.23242187499999	1.173555374145508	0.099996373057365	0.099996373057365	17.528914379365602
5109.27441406249999	1.173555374145508	0.099996268749237	0.099996268749237	17.528914379365602
5109.31640624999999	1.173576354980469	0.099996335804462	0.099996335804462	17.528914379365602
5109.35839843749999	1.173561096191406	0.099996246397495	0.099996246397495	17.528914379365602
5109.40136718749999	1.173580169677734	0.099996291100979	0.099996291100979	17.528914379365602
5109.44335937499999	1.173568725585937	0.099996298551559	0.099996298551559	17.528914379365602
5109.48535156249999	1.173564910888672	0.099996365606785	0.099996365606785	17.528914379365602
5109.52734374999999	1.173561096191406	0.099996291100979	0.099996291100979	17.528914379365602
5109.57031249999999	1.173566818237305	0.099996358156204	0.099996358156204	17.528914379365602
5109.61230468749999	1.173561096191406	0.099996291100979	0.099996291100979	17.528914379365602
5109.65429687499999	1.173542022705078	0.099996276199818	0.099996276199818	17.528914379365602
5109.69628906249999	1.173534393310547	0.099996276199818	0.099996276199818	17.528914379365602
5109.73925781249999	1.173547744750977	0.099996387958527	0.099996387958527	17.528914379365602
5109.78124999999999	1.173530578613281	0.099996328353882	0.099996328353882	17.528914379365602
5109.82324218749999	1.173528671264648	0.099996261298656	0.099996261298656	17.528914379365602
5109.86523437499999	1.173532485961914	0.099996246397495	0.099996246397495	17.528914379365602
5109.90820312499999	1.173496246337891	0.099996350705624	0.099996350705624	17.528914379365602
5109.95019531249999	1.173526763916016	0.099996320903301	0.099996320903301	17.528914379365602
5109.99218749999999	1.17352294921875	0.099996320903301	0.099996320903301	17.528914379365602
5110.03417968749999	1.173498153686523	0.099996358156204	0.099996358156204	17.528914379365602
5110.07714843749999	1.17350959777832	0.09999630600214	0.09999630600214	17.528914379365602
5110.11914062499999	1.173498153686523	0.099996283650398	0.099996283650398	17.528914379365602
5110.16113281249999	1.173505783081055	0.099996320903301	0.099996320903301	17.528914379365602
5110.20312499999999	1.173501968383789	0.099996328353882	0.099996328353882	17.528914379365602
5110.24609374999999	1.173505783081055	0.09999630600214	0.09999630600214	17.528914379365602
5110.28808593749999	1.173479080200195	0.099996410310268	0.099996410310268	17.528914379365602
5110.33007812499999	1.173458099365234	0.099996365606785	0.099996365606785	17.528914379365602
5110.37304687499999	1.17347526550293	0.099996335804462	0.099996335804462	17.528914379365602
5110.41503906249999	1.173471450805664	0.09999630600214	0.09999630600214	17.528914379365602
5110.45703124999999	1.173473358154297	0.099996373057365	0.099996373057365	17.528914379365602
5110.49902343749999	1.173456192016602	0.099996395409107	0.099996395409107	17.528914379365602
5110.54199218749999	1.173456192016602	0.099996313452721	0.099996313452721	17.528914379365602
5110.58398437499999	1.173458099365234	0.099996373057365	0.099996373057365	17.528914379365602
5110.62597656249999	1.1734619140625	0.099996335804462	0.099996335804462	17.528914379365602
5110.66796874999999	1.173463821411133	0.099996350705624	0.099996350705624	17.528914379365602
5110.71093749999999	1.173465728759766	0.099996402859688	0.099996402859688	17.528914379365602
5110.75292968749999	1.173458099365234	0.099996335804462	0.099996335804462	17.528914379365602
5110.79492187499999	1.17344856262207	0.099996380507946	0.099996380507946	17.528914379365602
5110.83691406249999	1.173446655273437	0.099996320903301	0.099996320903301	17.528914379365602
5110.87988281249999	1.173429489135742	0.099996402859688	0.099996402859688	17.528914379365602
5110.92187499999999	1.173425674438477	0.099996373057365	0.099996373057365	17.528914379365602
5110.96386718749999	1.173412322998047	0.099996380507946	0.099996380507946	17.528914379365602
5111.00683593749999	1.173421859741211	0.099996373057365	0.099996373057365	17.528914379365602
5111.04882812499999	1.173406600952148	0.099996335804462	0.099996335804462	17.528914379365602
5111.09082031249999	1.173398971557617	0.099996365606785	0.099996365606785	17.528914379365602
5111.13281249999999	1.17341423034668	0.099996373057365	0.099996373057365	17.528914379365602
5111.17578124999999	1.17340087890625	0.099996380507946	0.099996380507946	17.528914379365602
5111.21777343749999	1.173395156860352	0.099996276199818	0.099996276199818	17.528914379365602
5111.25976562499999	1.173385620117187	0.099996283650398	0.099996283650398	17.528914379365602
5111.30175781249999	1.173372268676758	0.099996350705624	0.099996350705624	17.528914379365602
5111.34472656249999	1.173370361328125	0.099996358156204	0.099996358156204	17.528914379365602
5111.38671874999999	1.173383712768555	0.09999630600214	0.09999630600214	17.528914379365602
5111.42871093749999	1.173358917236328	0.099996358156204	0.099996358156204	17.528914379365602
5111.47070312499999	1.173357009887695	0.099996313452721	0.099996313452721	17.528914379365602
5111.51367187499999	1.173345565795898	0.099996380507946	0.099996380507946	17.528914379365602
5111.55566406249999	1.17335319519043	0.099996335804462	0.099996335804462	17.528914379365602
5111.59765624999999	1.173362731933594	0.099996328353882	0.099996328353882	17.528914379365602
5111.63964843749999	1.17333984375	0.099996328353882	0.099996328353882	17.528914379365602
5111.68261718749999	1.17335319519043	0.099996335804462	0.099996335804462	17.528914379365602
5111.72460937499999	1.173337936401367	0.099996320903301	0.099996320903301	17.528914379365602
5111.76660156249999	1.173316955566406	0.09999630600214	0.09999630600214	17.528914379365602
5111.80859374999999	1.173332214355469	0.099996373057365	0.099996373057365	17.528914379365602
5111.85156249999999	1.173343658447266	0.099996246397495	0.099996246397495	17.528914379365602
5111.89355468749999	1.17333984375	0.099996380507946	0.099996380507946	17.528914379365602
5111.93554687499999	1.173332214355469	0.099996268749237	0.099996268749237	17.528914379365602
5111.97753906249999	1.173341751098633	0.099996335804462	0.099996335804462	17.528914379365602
5112.02050781249999	1.173349380493164	0.099996350705624	0.099996350705624	17.528914379365602
5112.06249999999999	1.173320770263672	0.099996395409107	0.099996395409107	17.528914379365602
5112.10449218749999	1.173343658447266	0.09999642521143	0.09999642521143	17.528914379365602
5112.14648437499999	1.173337936401367	0.099996335804462	0.099996335804462	17.528914379365602
5112.18945312499999	1.173316955566406	0.099996283650398	0.099996283650398	17.528914379365602
5112.23144531249999	1.173324584960937	0.099996320903301	0.099996320903301	17.528914379365602
5112.27343749999999	1.173307418823242	0.099996328353882	0.099996328353882	17.528914379365602
5112.31542968749999	1.173332214355469	0.09999642521143	0.09999642521143	17.528914379365602
5112.35839843749999	1.173318862915039	0.099996358156204	0.099996358156204	17.528914379365602
5112.40039062499999	1.173318862915039	0.099996313452721	0.099996313452721	17.528914379365602
5112.44238281249999	1.173313140869141	0.099996380507946	0.099996380507946	17.528914379365602
5112.48437499999999	1.173324584960937	0.099996298551559	0.099996298551559	17.528914379365602
5112.52734374999999	1.173330307006836	0.099996395409107	0.099996395409107	17.528914379365602
5112.56933593749999	1.173307418823242	0.099996387958527	0.099996387958527	17.528914379365602
5112.61132812499999	1.173318862915039	0.09999630600214	0.09999630600214	17.528914379365602
5112.65429687499999	1.173290252685547	0.099996328353882	0.099996328353882	17.528914379365602
5112.69628906249999	1.173318862915039	0.099996313452721	0.099996313452721	17.528914379365602
5112.73828124999999	1.173276901245117	0.09999630600214	0.09999630600214	17.528914379365602
5112.78027343749999	1.173284530639648	0.099996283650398	0.099996283650398	17.528914379365602
5112.82324218749999	1.173282623291016	0.099996313452721	0.099996313452721	17.528914379365602
5112.86523437499999	1.173290252685547	0.099996350705624	0.099996350705624	17.528914379365602
5112.90722656249999	1.173254013061523	0.099996335804462	0.099996335804462	17.528914379365602
5112.94921874999999	1.173263549804687	0.099996313452721	0.099996313452721	17.528914379365602
5112.99218749999999	1.173255920410156	0.099996395409107	0.099996395409107	17.528914379365602
5113.03417968749999	1.173250198364258	0.099996373057365	0.099996373057365	17.528914379365602
5113.07617187499999	1.173255920410156	0.099996402859688	0.099996402859688	17.528914379365602
5113.11816406249999	1.173257827758789	0.099996335804462	0.099996335804462	17.528914379365602
5113.16113281249999	1.173246383666992	0.099996350705624	0.099996350705624	17.528914379365602
5113.20312499999999	1.173227310180664	0.099996373057365	0.099996373057365	17.528914379365602
5113.24511718749999	1.173252105712891	0.099996276199818	0.099996276199818	17.528914379365602
5113.28710937499999	1.173223495483398	0.099996350705624	0.099996350705624	17.528914379365602
5113.33007812499999	1.173223495483398	0.099996283650398	0.099996283650398	17.528914379365602
5113.37207031249999	1.173223495483398	0.099996380507946	0.099996380507946	17.528914379365602
5113.41406249999999	1.173227310180664	0.099996298551559	0.099996298551559	17.528914379365602
5113.45703124999999	1.173246383666992	0.099996328353882	0.099996328353882	17.528914379365602
5113.49902343749999	1.173236846923828	0.099996298551559	0.099996298551559	17.528914379365602
5113.54101562499999	1.173219680786133	0.099996320903301	0.099996320903301	17.528914379365602
5113.58300781249999	1.173206329345703	0.099996328353882	0.099996328353882	17.528914379365602
5113.62597656249999	1.173171997070312	0.099996395409107	0.099996395409107	17.528914379365602
5113.66796874999999	1.173191070556641	0.099996343255043	0.099996343255043	17.528914379365602
5113.70996093749999	1.173187255859375	0.099996268749237	0.099996268749237	17.528914379365602
5113.75195312499999	1.173177719116211	0.099996373057365	0.099996373057365	17.528914379365602
5113.79492187499999	1.173183441162109	0.099996358156204	0.099996358156204	17.528914379365602
5113.83691406249999	1.173183441162109	0.099996283650398	0.099996283650398	17.528914379365602
5113.87890624999999	1.173177719116211	0.099996335804462	0.099996335804462	17.528914379365602
5113.92089843749999	1.17315673828125	0.099996358156204	0.099996358156204	17.528914379365602
5113.96386718749999	1.173200607299805	0.099996291100979	0.099996291100979	17.528914379365602
5114.00585937499999	1.173151016235352	0.099996298551559	0.099996298551559	17.528914379365602
5114.04785156249999	1.173147201538086	0.09999630600214	0.09999630600214	17.528914379365602
5114.08984374999999	1.173168182373047	0.099996283650398	0.099996283650398	17.528914379365602
5114.13281249999999	1.173154830932617	0.099996328353882	0.099996328353882	17.528914379365602
5114.17480468749999	1.173145294189453	0.099996283650398	0.099996283650398	17.528914379365602
5114.21679687499999	1.173137664794922	0.09999630600214	0.09999630600214	17.528914379365602
5114.25878906249999	1.173151016235352	0.099996268749237	0.099996268749237	17.528914379365602
5114.30175781249999	1.173141479492187	0.099996313452721	0.099996313452721	17.528914379365602
5114.34374999999999	1.173120498657227	0.099996276199818	0.099996276199818	17.528914379365602
5114.38574218749999	1.173120498657227	0.099996320903301	0.099996320903301	17.528914379365602
5114.42773437499999	1.173128128051758	0.099996343255043	0.099996343255043	17.528914379365602
5114.47070312499999	1.173114776611328	0.099996298551559	0.099996298551559	17.528914379365602
5114.51269531249999	1.173114776611328	0.099996268749237	0.099996268749237	17.528914379365602
5114.55468749999999	1.173118591308594	0.099996261298656	0.099996261298656	17.528914379365602
5114.59667968749999	1.173137664794922	0.09999630600214	0.09999630600214	17.528914379365602
5114.63964843749999	1.173110961914062	0.099996328353882	0.099996328353882	17.528914379365602
5114.68164062499999	1.173105239868164	0.099996268749237	0.099996268749237	17.528914379365602
5114.72363281249999	1.173110961914062	0.099996276199818	0.099996276199818	17.528914379365602
5114.76562499999999	1.173120498657227	0.099996276199818	0.099996276199818	17.528914379365602
5114.80859374999999	1.17310905456543	0.09999618679285	0.09999618679285	17.528914379365602
5114.85058593749999	1.173116683959961	0.099996313452721	0.099996313452721	17.528914379365602
5114.89257812499999	1.173084259033203	0.099996283650398	0.099996283650398	17.528914379365602
5114.93457031249999	1.173088073730469	0.099996298551559	0.099996298551559	17.528914379365602
5114.97753906249999	1.173116683959961	0.099996320903301	0.099996320903301	17.528914379365602
5115.01953124999999	1.173114776611328	0.099996253848076	0.099996253848076	17.528914379365602
5115.06152343749999	1.173103332519531	0.099996298551559	0.099996298551559	17.528914379365602
5115.10351562499999	1.173093795776367	0.099996268749237	0.099996268749237	17.528914379365602
5115.14648437499999	1.173084259033203	0.099996298551559	0.099996298551559	17.528914379365602
5115.18847656249999	1.173097610473633	0.099996224045753	0.099996224045753	17.528914379365602
5115.23046874999999	1.173063278198242	0.099996283650398	0.099996283650398	17.528914379365602
5115.27246093749999	1.173088073730469	0.099996313452721	0.099996313452721	17.528914379365602
5115.31542968749999	1.173074722290039	0.099996313452721	0.099996313452721	17.528914379365602
5115.35742187499999	1.173080444335937	0.099996201694012	0.099996201694012	17.528914379365602
5115.39941406249999	1.173084259033203	0.099996276199818	0.099996276199818	17.528914379365602
5115.44140624999999	1.173078536987305	0.099996380507946	0.099996380507946	17.528914379365602
5115.48437499999999	1.173059463500977	0.099996276199818	0.099996276199818	17.528914379365602
5115.52636718749999	1.173061370849609	0.099996298551559	0.099996298551559	17.528914379365602
5115.56835937499999	1.173067092895508	0.099996261298656	0.099996261298656	17.528914379365602
5115.61035156249999	1.173061370849609	0.099996283650398	0.099996283650398	17.528914379365602
5115.65332031249999	1.173072814941406	0.099996283650398	0.099996283650398	17.528914379365602
5115.69531249999999	1.173084259033203	0.099996335804462	0.099996335804462	17.528914379365602
5115.73730468749999	1.173076629638672	0.099996291100979	0.099996291100979	17.528914379365602
5115.77929687499999	1.173061370849609	0.099996261298656	0.099996261298656	17.528914379365602
5115.82226562499999	1.173078536987305	0.099996224045753	0.099996224045753	17.528914379365602
5115.86425781249999	1.173063278198242	0.099996298551559	0.099996298551559	17.528914379365602
5115.90624999999999	1.173051834106445	0.099996268749237	0.099996268749237	17.528914379365602
5115.94824218749999	1.173061370849609	0.099996298551559	0.099996298551559	17.528914379365602
5115.99121093749999	1.173070907592773	0.099996298551559	0.099996298551559	17.528914379365602
5116.03320312499999	1.173057556152344	0.099996231496334	0.099996231496334	17.528914379365602
5116.07519531249999	1.17304801940918	0.099996283650398	0.099996283650398	17.528914379365602
5116.11718749999999	1.173051834106445	0.099996298551559	0.099996298551559	17.528914379365602
5116.16015624999999	1.173053741455078	0.099996335804462	0.099996335804462	17.528914379365602
5116.20214843749999	1.173032760620117	0.099996291100979	0.099996291100979	17.528914379365602
5116.24414062499999	1.173057556152344	0.099996231496334	0.099996231496334	17.528914379365602
5116.28613281249999	1.173042297363281	0.099996298551559	0.099996298551559	17.528914379365602
5116.32910156249999	1.17303466796875	0.099996335804462	0.099996335804462	17.528914379365602
5116.37109374999999	1.173057556152344	0.099996209144592	0.099996209144592	17.528914379365602
5116.41308593749999	1.173044204711914	0.099996268749237	0.099996268749237	17.528914379365602
5116.45507812499999	1.173032760620117	0.099996238946915	0.099996238946915	17.528914379365602
5116.49804687499999	1.173025131225586	0.099996268749237	0.099996268749237	17.528914379365602
5116.54003906249999	1.173038482666016	0.099996283650398	0.099996283650398	17.528914379365602
5116.58203124999999	1.17302131652832	0.099996261298656	0.099996261298656	17.528914379365602
5116.62402343749999	1.173019409179687	0.099996328353882	0.099996328353882	17.528914379365602
5116.66699218749999	1.17303466796875	0.099996283650398	0.099996283650398	17.528914379365602
5116.70898437499999	1.17303466796875	0.099996291100979	0.099996291100979	17.528914379365602
5116.75097656249999	1.173023223876953	0.099996231496334	0.099996231496334	17.528914379365602
5116.79296874999999	1.173038482666016	0.099996201694012	0.099996201694012	17.528914379365602
5116.83593749999999	1.173025131225586	0.099996253848076	0.099996253848076	17.528914379365602
5116.87792968749999	1.173011779785156	0.099996231496334	0.099996231496334	17.528914379365602
5116.91992187499999	1.173000335693359	0.099996238946915	0.099996238946915	17.528914379365602
5116.96191406249999	1.173004150390625	0.099996328353882	0.099996328353882	17.528914379365602
5117.00488281249999	1.173004150390625	0.099996261298656	0.099996261298656	17.528914379365602
5117.04687499999999	1.173002243041992	0.099996209144592	0.099996209144592	17.528914379365602
5117.08886718749999	1.173000335693359	0.099996224045753	0.099996224045753	17.528914379365602
5117.13183593749999	1.173025131225586	0.099996246397495	0.099996246397495	17.528914379365602
5117.17382812499999	1.172990798950195	0.099996246397495	0.099996246397495	17.528914379365602
5117.21582031249999	1.173004150390625	0.099996246397495	0.099996246397495	17.528914379365602
5117.25781249999999	1.172996520996094	0.099996194243431	0.099996194243431	17.528914379365602
5117.30078124999999	1.172985076904297	0.099996283650398	0.099996283650398	17.528914379365602
5117.34277343749999	1.172983169555664	0.099996164441109	0.099996164441109	17.528914379365602
5117.38476562499999	1.172983169555664	0.099996201694012	0.099996201694012	17.528914379365602
5117.42675781249999	1.172985076904297	0.099996238946915	0.099996238946915	17.528914379365602
5117.46972656249999	1.173002243041992	0.099996238946915	0.099996238946915	17.528914379365602
5117.51171874999999	1.172990798950195	0.099996335804462	0.099996335804462	17.528914379365602
5117.55371093749999	1.173002243041992	0.099996343255043	0.099996343255043	17.528914379365602
5117.59570312499999	1.17296028137207	0.099996283650398	0.099996283650398	17.528914379365602
5117.63867187499999	1.172967910766602	0.099996313452721	0.099996313452721	17.528914379365602
5117.68066406249999	1.172964096069336	0.099996298551559	0.099996298551559	17.528914379365602
5117.72265624999999	1.172975540161133	0.099996313452721	0.099996313452721	17.528914379365602
5117.76464843749999	1.172948837280273	0.099996268749237	0.099996268749237	17.528914379365602
5117.80664062499999	1.172958374023437	0.099996276199818	0.099996276199818	17.528914379365602
5117.84960937499999	1.172958374023437	0.099996298551559	0.099996298551559	17.528914379365602
5117.89160156249999	1.172931671142578	0.099996194243431	0.099996194243431	17.528914379365602
5117.93359374999999	1.172962188720703	0.099996216595173	0.099996216595173	17.528914379365602
5117.97558593749999	1.172946929931641	0.099996238946915	0.099996238946915	17.528914379365602
5118.01855468749999	1.172948837280273	0.099996268749237	0.099996268749237	17.528914379365602
5118.06054687499999	1.172941207885742	0.099996194243431	0.099996194243431	17.528914379365602
5118.10253906249999	1.172948837280273	0.099996246397495	0.099996246397495	17.528914379365602
5118.14453124999999	1.172946929931641	0.099996246397495	0.099996246397495	17.528914379365602
5118.18749999999999	1.172945022583008	0.099996209144592	0.099996209144592	17.528914379365602
5118.22949218749999	1.172954559326172	0.099996156990528	0.099996156990528	17.528914379365602
5118.27148437499999	1.172954559326172	0.099996291100979	0.099996291100979	17.528914379365602
5118.31347656249999	1.172941207885742	0.09999617934227	0.09999617934227	17.528914379365602
5118.35644531249999	1.172954559326172	0.099996171891689	0.099996171891689	17.528914379365602
5118.39843749999999	1.172945022583008	0.099996298551559	0.099996298551559	17.528914379365602
5118.44042968749999	1.172943115234375	0.09999617934227	0.09999617934227	17.528914379365602
5118.48242187499999	1.17292594909668	0.099996224045753	0.099996224045753	17.528914379365602
5118.52539062499999	1.17292594909668	0.099996298551559	0.099996298551559	17.528914379365602
5118.56738281249999	1.172945022583008	0.099996291100979	0.099996291100979	17.528914379365602
5118.60937499999999	1.172908782958984	0.099996238946915	0.099996238946915	17.528914379365602
5118.65136718749999	1.172920227050781	0.099996320903301	0.099996320903301	17.528914379365602
5118.69433593749999	1.172922134399414	0.099996209144592	0.099996209144592	17.528914379365602
5118.73632812499999	1.172927856445312	0.099996261298656	0.099996261298656	17.528914379365602
5118.77832031249999	1.172897338867187	0.099996268749237	0.099996268749237	17.528914379365602
5118.82031249999999	1.172927856445312	0.099996276199818	0.099996276199818	17.528914379365602
5118.86328124999999	1.172920227050781	0.099996283650398	0.099996283650398	17.528914379365602
5118.90527343749999	1.172927856445312	0.099996238946915	0.099996238946915	17.528914379365602
5118.94726562499999	1.172908782958984	0.099996268749237	0.099996268749237	17.528914379365602
5118.98925781249999	1.172914505004883	0.099996246397495	0.099996246397495	17.528914379365602
5119.03124999999999	1.172889709472656	0.099996238946915	0.099996238946915	17.528914379365602
5119.07421874999999	1.172903060913086	0.099996276199818	0.099996276199818	17.528914379365602
5119.11621093749999	1.172903060913086	0.099996298551559	0.099996298551559	17.528914379365602
5119.15820312499999	1.172885894775391	0.099996298551559	0.099996298551559	17.528914379365602
5119.20019531249999	1.172870635986328	0.099996238946915	0.099996238946915	17.528914379365602
5119.24316406249999	1.172895431518555	0.099996283650398	0.099996283650398	17.528914379365602
5119.28515624999999	1.172889709472656	0.099996253848076	0.099996253848076	17.528914379365602
5119.32714843749999	1.172882080078125	0.099996246397495	0.099996246397495	17.528914379365602
5119.36914062499999	1.172891616821289	0.099996283650398	0.099996283650398	17.528914379365602
5119.41210937499999	1.172889709472656	0.099996268749237	0.099996268749237	17.528914379365602
5119.45410156249999	1.172855377197266	0.099996261298656	0.099996261298656	17.528914379365602
5119.49609374999999	1.172866821289062	0.099996283650398	0.099996283650398	17.528914379365602
5119.53808593749999	1.172878265380859	0.099996253848076	0.099996253848076	17.528914379365602
5119.58105468749999	1.172876358032227	0.099996373057365	0.099996373057365	17.528914379365602
5119.62304687499999	1.172842025756836	0.099996313452721	0.099996313452721	17.528914379365602
5119.66503906249999	1.172868728637695	0.099996261298656	0.099996261298656	17.528914379365602
5119.70703124999999	1.17283821105957	0.099996335804462	0.099996335804462	17.528914379365602
5119.74999999999999	1.1728515625	0.099996380507946	0.099996380507946	17.528914379365602
5119.79199218749999	1.172863006591797	0.099996246397495	0.099996246397495	17.528914379365602
5119.83398437499999	1.172855377197266	0.099996320903301	0.099996320903301	17.528914379365602
5119.87597656249999	1.172847747802734	0.099996320903301	0.099996320903301	17.528914379365602
5119.91894531249999	1.172842025756836	0.099996298551559	0.099996298551559	17.528914379365602
5119.96093749999999	1.172842025756836	0.09999630600214	0.09999630600214	17.528914379365602
5120.00292968749999	1.172830581665039	0.099996313452721	0.099996313452721	17.528914379365602
5120.04492187499999	1.172807693481445	0.099996298551559	0.099996298551559	17.528914379365602
5120.08789062499999	1.172813415527344	0.099996313452721	0.099996313452721	17.528914379365602
5120.12988281249999	1.172826766967773	0.099996343255043	0.099996343255043	17.528914379365602
5120.17187499999999	1.172815322875977	0.099996343255043	0.099996343255043	17.528914379365602
5120.21386718749999	1.172826766967773	0.099996268749237	0.099996268749237	17.528914379365602
5120.25683593749999	1.172813415527344	0.099996350705624	0.099996350705624	17.528914379365602
5120.29882812499999	1.172821044921875	0.099996283650398	0.099996283650398	17.528914379365602
5120.34082031249999	1.172800064086914	0.099996380507946	0.099996380507946	17.528914379365602
5120.38378906249999	1.172801971435547	0.099996283650398	0.099996283650398	17.528914379365602
5120.42578124999999	1.172805786132812	0.099996320903301	0.099996320903301	17.528914379365602
5120.46777343749999	1.172815322875977	0.099996231496334	0.099996231496334	17.528914379365602
5120.50976562499999	1.172794342041016	0.099996313452721	0.099996313452721	17.528914379365602
5120.55273437499999	1.172788619995117	0.099996231496334	0.099996231496334	17.528914379365602
5120.59472656249999	1.172800064086914	0.099996283650398	0.099996283650398	17.528914379365602
5120.63671874999999	1.172801971435547	0.099996283650398	0.099996283650398	17.528914379365602
5120.67871093749999	1.172801971435547	0.099996194243431	0.099996194243431	17.528914379365602
5120.72167968749999	1.172815322875977	0.099996358156204	0.099996358156204	17.528914379365602
5120.76367187499999	1.172801971435547	0.099996253848076	0.099996253848076	17.528914379365602
5120.80566406249999	1.172798156738281	0.099996350705624	0.099996350705624	17.528914379365602
5120.84765624999999	1.17279052734375	0.099996298551559	0.099996298551559	17.528914379365602
5120.89062499999999	1.172765731811523	0.099996224045753	0.099996224045753	17.528914379365602
5120.93261718749999	1.172782897949219	0.09999630600214	0.09999630600214	17.528914379365602
5120.97460937499999	1.17277717590332	0.099996276199818	0.099996276199818	17.528914379365602
5121.01660156249999	1.172765731811523	0.099996224045753	0.099996224045753	17.528914379365602
5121.05957031249999	1.172773361206055	0.099996261298656	0.099996261298656	17.528914379365602
5121.10156249999999	1.172771453857422	0.099996283650398	0.099996283650398	17.528914379365602
5121.14355468749999	1.172794342041016	0.099996261298656	0.099996261298656	17.528914379365602
5121.18554687499999	1.172773361206055	0.099996209144592	0.099996209144592	17.528914379365602
5121.22851562499999	1.172775268554687	0.099996246397495	0.099996246397495	17.528914379365602
5121.27050781249999	1.172792434692383	0.099996261298656	0.099996261298656	17.528914379365602
5121.31249999999999	1.172765731811523	0.099996209144592	0.099996209144592	17.528914379365602
5121.35449218749999	1.172763824462891	0.09999630600214	0.09999630600214	17.528914379365602
5121.39746093749999	1.172746658325195	0.099996268749237	0.099996268749237	17.528914379365602
5121.43945312499999	1.172763824462891	0.099996283650398	0.099996283650398	17.528914379365602
5121.48144531249999	1.172739028930664	0.099996194243431	0.099996194243431	17.528914379365602
5121.52343749999999	1.172773361206055	0.099996224045753	0.099996224045753	17.528914379365602
5121.56640624999999	1.172765731811523	0.099996261298656	0.099996261298656	17.528914379365602
