[INFO]
Keithley 2400
Meas Time: 4/25/2024 7:59:07 PM
Params: GPIB address = GPIB0::24::INSTR; DataFile = C:\Users\mal\Desktop\data\strong_light3; Compliance  Level (0.1) = 0.100000000000000; Number of Points (5) = 1000; Minimum Amplitude (1) = -2.000000000000000; Maximum Amplitude (2) = 5.000000000000000; Timeout (100000 ms) = 100000; Source Mode  (0: Voltage) = 0; 4-wire? = FALSE; delay(S) = 0.000000000000000; Start = ; 

[COMMENT]


[DATA]
time (s)	Voltage (V)	Current (A)	absCurrent (A)	Fitting Resistance (Ohms)

5252.63964843749999	-2.000261306762695	-0.000184067175724	0.000184067175724	18.522271154849005
5252.68164062499999	-1.993259429931641	-0.000185081269592	0.000185081269592	18.522271154849005
5252.72363281249999	-1.986236572265625	-0.000185680110008	0.000185680110008	18.522271154849005
5252.76562499999999	-1.979181289672852	-0.000186779303476	0.000186779303476	18.522271154849005
5252.80761718749999	-1.97215461730957	-0.00018721295055	0.00018721295055	18.522271154849005
5252.84960937499999	-1.965108871459961	-0.000188216567039	0.000188216567039	18.522271154849005
5252.89160156249999	-1.957998275756836	-0.000188178499229	0.000188178499229	18.522271154849005
5252.93359374999999	-1.951045989990234	-0.000187287689187	0.000187287689187	18.522271154849005
5252.97558593749999	-1.944026947021484	-0.000187390018255	0.000187390018255	18.522271154849005
5253.01757812499999	-1.937004089355469	-0.000187526107766	0.000187526107766	18.522271154849005
5253.05957031249999	-1.930328369140625	-0.000187516328879	0.000187516328879	18.522271154849005
5253.10156249999999	-1.923318862915039	-0.00018726370763	0.00018726370763	18.522271154849005
5253.14257812499999	-1.916296005249023	-0.000187306432053	0.000187306432053	18.522271154849005
5253.18457031249999	-1.909263610839844	-0.000187312602066	0.000187312602066	18.522271154849005
5253.22656249999999	-1.902290344238281	-0.000188219361007	0.000188219361007	18.522271154849005
5253.26855468749999	-1.895206451416016	-0.00018899620045	0.00018899620045	18.522271154849005
5253.31054687499999	-1.88818359375	-0.000190400052816	0.000190400052816	18.522271154849005
5253.35253906249999	-1.881135940551758	-0.0001922553638	0.0001922553638	18.522271154849005
5253.39453124999999	-1.874046325683594	-0.000193352228962	0.000193352228962	18.522271154849005
5253.43652343749999	-1.86707878112793	-0.000194344553165	0.000194344553165	18.522271154849005
5253.47851562499999	-1.860044479370117	-0.000194573774934	0.000194573774934	18.522271154849005
5253.52050781249999	-1.853006362915039	-0.000196775537916	0.000196775537916	18.522271154849005
5253.56249999999999	-1.846311569213867	-0.000198854831979	0.000198854831979	18.522271154849005
5253.60449218749999	-1.839328765869141	-0.000203222036362	0.000203222036362	18.522271154849005
5253.64648437499999	-1.832326889038086	-0.00020649144426	0.00020649144426	18.522271154849005
5253.68847656249999	-1.825305938720703	-0.000209304969758	0.000209304969758	18.522271154849005
5253.73046874999999	-1.818222045898437	-0.000209084828384	0.000209084828384	18.522271154849005
5253.77246093749999	-1.811229705810547	-0.000208990182728	0.000208990182728	18.522271154849005
5253.81445312499999	-1.804210662841797	-0.000208432087675	0.000208432087675	18.522271154849005
5253.85644531249999	-1.797128677368164	-0.000207855831832	0.000207855831832	18.522271154849005
5253.89843749999999	-1.790132522583008	-0.000207919743843	0.000207919743843	18.522271154849005
5253.94042968749999	-1.783105850219727	-0.000208577257581	0.000208577257581	18.522271154849005
5253.98242187499999	-1.776044845581055	-0.000207587843761	0.000207587843761	18.522271154849005
5254.02441406249999	-1.769037246704102	-0.000206765718758	0.000206765718758	18.522271154849005
5254.06640624999999	-1.762350082397461	-0.000205379677936	0.000205379677936	18.522271154849005
5254.10839843749999	-1.755292892456055	-0.000204674899578	0.000204674899578	18.522271154849005
5254.15039062499999	-1.747692108154297	-0.000205083750188	0.000205083750188	18.522271154849005
5254.19238281249999	-1.740640640258789	-0.000204608892091	0.000204608892091	18.522271154849005
5254.23437499999999	-1.733600616455078	-0.000204045092687	0.000204045092687	18.522271154849005
5254.27636718749999	-1.726598739624023	-0.000203101430088	0.000203101430088	18.522271154849005
5254.31835937499999	-1.719875335693359	-0.000202656374313	0.000202656374313	18.522271154849005
5254.36035156249999	-1.712850570678711	-0.000201925751753	0.000201925751753	18.522271154849005
5254.40234374999999	-1.705751419067383	-0.000202488270588	0.000202488270588	18.522271154849005
5254.44433593749999	-1.698740005493164	-0.000202938215807	0.000202938215807	18.522271154849005
5254.48632812499999	-1.691736221313477	-0.000202790368348	0.000202790368348	18.522271154849005
5254.52832031249999	-1.684690475463867	-0.000201868009754	0.000201868009754	18.522271154849005
5254.57031249999999	-1.677663803100586	-0.000202062423341	0.000202062423341	18.522271154849005
5254.61230468749999	-1.670585632324219	-0.000202396418899	0.000202396418899	18.522271154849005
5254.65429687499999	-1.663640975952148	-0.000201294082217	0.000201294082217	18.522271154849005
5254.69531249999999	-1.656564712524414	-0.000201290124096	0.000201290124096	18.522271154849005
5254.73730468749999	-1.649585723876953	-0.000202205963433	0.000202205963433	18.522271154849005
5254.77929687499999	-1.642547607421875	-0.000201595714316	0.000201595714316	18.522271154849005
5254.82128906249999	-1.635860443115234	-0.000201041577384	0.000201041577384	18.522271154849005
5254.86328124999999	-1.628780364990234	-0.000200252165087	0.000200252165087	18.522271154849005
5254.90527343749999	-1.621774673461914	-0.000199934700504	0.000199934700504	18.522271154849005
5254.94726562499999	-1.614675521850586	-0.000200167763978	0.000200167763978	18.522271154849005
5254.98925781249999	-1.607719421386719	-0.000200140755624	0.000200140755624	18.522271154849005
5255.03124999999999	-1.600702285766602	-0.000200513168238	0.000200513168238	18.522271154849005
5255.07324218749999	-1.593652725219727	-0.000199944130145	0.000199944130145	18.522271154849005
5255.11523437499999	-1.586614608764648	-0.000199912348762	0.000199912348762	18.522271154849005
5255.15722656249999	-1.579671859741211	-0.000199658563361	0.000199658563361	18.522271154849005
5255.19921874999999	-1.572587966918945	-0.000199689413421	0.000199689413421	18.522271154849005
5255.24121093749999	-1.565578460693359	-0.000199560308829	0.000199560308829	18.522271154849005
5255.28320312499999	-1.558525085449219	-0.000199952977709	0.000199952977709	18.522271154849005
5255.32519531249999	-1.551788330078125	-0.00019972154405	0.00019972154405	18.522271154849005
5255.36718749999999	-1.544822692871094	-0.000199052155949	0.000199052155949	18.522271154849005
5255.40917968749999	-1.537759780883789	-0.00019858777523	0.00019858777523	18.522271154849005
5255.45117187499999	-1.530723571777344	-0.00019831978716	0.00019831978716	18.522271154849005
5255.49316406249999	-1.52366828918457	-0.000197351793759	0.000197351793759	18.522271154849005
5255.53515624999999	-1.516683578491211	-0.000198096386157	0.000198096386157	18.522271154849005
5255.57714843749999	-1.509664535522461	-0.000199066242203	0.000199066242203	18.522271154849005
5255.61914062499999	-1.502582550048828	-0.000198392895982	0.000198392895982	18.522271154849005
5255.66113281249999	-1.495616912841797	-0.000197479967028	0.000197479967028	18.522271154849005
5255.70312499999999	-1.48858642578125	-0.000196659355424	0.000196659355424	18.522271154849005
5255.74511718749999	-1.481559753417969	-0.000196620356292	0.000196620356292	18.522271154849005
5255.78710937499999	-1.47454833984375	-0.000195624190383	0.000195624190383	18.522271154849005
5255.82910156249999	-1.467838287353516	-0.000195392407477	0.000195392407477	18.522271154849005
5255.87109374999999	-1.460800170898437	-0.000194478547201	0.000194478547201	18.522271154849005
5255.91308593749999	-1.453760147094727	-0.0001934946049	0.0001934946049	18.522271154849005
5255.95507812499999	-1.446714401245117	-0.00019281252753	0.00019281252753	18.522271154849005
5255.99707031249999	-1.439716339111328	-0.000192128471099	0.000192128471099	18.522271154849005
5256.03906249999999	-1.43263053894043	-0.000191426253878	0.000191426253878	18.522271154849005
5256.08105468749999	-1.425651550292969	-0.000191516941413	0.000191516941413	18.522271154849005
5256.12304687499999	-1.41864013671875	-0.000191993196495	0.000191993196495	18.522271154849005
5256.16503906249999	-1.411558151245117	-0.000192266772501	0.000192266772501	18.522271154849005
5256.20703124999999	-1.40460205078125	-0.00019324501045	0.00019324501045	18.522271154849005
5256.24902343749999	-1.397598266601562	-0.000192657695152	0.000192657695152	18.522271154849005
5256.29101562499999	-1.390512466430664	-0.000192308216356	0.000192308216356	18.522271154849005
5256.33300781249999	-1.383510589599609	-0.000192358857021	0.000192358857021	18.522271154849005
5256.37499999999999	-1.376834869384766	-0.000193658284843	0.000193658284843	18.522271154849005
5256.41699218749999	-1.369754791259766	-0.000194229185581	0.000194229185581	18.522271154849005
5256.45898437499999	-1.362703323364258	-0.000193675747141	0.000193675747141	18.522271154849005
5256.50097656249999	-1.355684280395508	-0.000193189014681	0.000193189014681	18.522271154849005
5256.54199218749999	-1.348615646362305	-0.000192985869944	0.000192985869944	18.522271154849005
5256.58398437499999	-1.341577529907227	-0.000191997736692	0.000191997736692	18.522271154849005
5256.62597656249999	-1.33454704284668	-0.000192178878933	0.000192178878933	18.522271154849005
5256.66796874999999	-1.327545166015625	-0.000192366191186	0.000192366191186	18.522271154849005
5256.70996093749999	-1.32056999206543	-0.000192172941752	0.000192172941752	18.522271154849005
5256.75195312499999	-1.313520431518555	-0.000193096231669	0.000193096231669	18.522271154849005
5256.79394531249999	-1.306507110595703	-0.00019432627596	0.00019432627596	18.522271154849005
5256.83593749999999	-1.299446105957031	-0.000193802523427	0.000193802523427	18.522271154849005
5256.87792968749999	-1.292707443237305	-0.000192649080418	0.000192649080418	18.522271154849005
5256.91992187499999	-1.285709381103516	-0.000193187617697	0.000193187617697	18.522271154849005
5256.96191406249999	-1.278627395629883	-0.000193337444216	0.000193337444216	18.522271154849005
5257.00390624999999	-1.271629333496094	-0.000192454666831	0.000192454666831	18.522271154849005
5257.04589843749999	-1.264593124389648	-0.000191692844965	0.000191692844965	18.522271154849005
5257.08789062499999	-1.257577896118164	-0.000191235216334	0.000191235216334	18.522271154849005
5257.12988281249999	-1.250522613525391	-0.000190692488104	0.000190692488104	18.522271154849005
5257.17187499999999	-1.24323844909668	-0.000189900049008	0.000189900049008	18.522271154849005
5257.21386718749999	-1.236242294311523	-0.000189564540051	0.000189564540051	18.522271154849005
5257.25585937499999	-1.229177474975586	-0.000189463607967	0.000189463607967	18.522271154849005
5257.29785156249999	-1.222177505493164	-0.00018999108579	0.00018999108579	18.522271154849005
5257.33984374999999	-1.215108871459961	-0.000190428341739	0.000190428341739	18.522271154849005
5257.38183593749999	-1.208087921142578	-0.000190293765627	0.000190293765627	18.522271154849005
5257.42382812499999	-1.201044082641602	-0.000190193881281	0.000190193881281	18.522271154849005
5257.46582031249999	-1.194015502929687	-0.000189070240594	0.000189070240594	18.522271154849005
5257.50781249999999	-1.186981201171875	-0.000187943107449	0.000187943107449	18.522271154849005
5257.54980468749999	-1.179887771606445	-0.000187421450391	0.000187421450391	18.522271154849005
5257.59179687499999	-1.172906875610352	-0.000187793280929	0.000187793280929	18.522271154849005
5257.63378906249999	-1.166231155395508	-0.000186651595868	0.000186651595868	18.522271154849005
5257.67578124999999	-1.159210205078125	-0.000185272656381	0.000185272656381	18.522271154849005
5257.71777343749999	-1.152189254760742	-0.000184444943443	0.000184444943443	18.522271154849005
5257.75976562499999	-1.145175933837891	-0.000183950760402	0.000183950760402	18.522271154849005
5257.80175781249999	-1.138124465942383	-0.000183731899597	0.000183731899597	18.522271154849005
5257.84374999999999	-1.13111686706543	-0.000183522701263	0.000183522701263	18.522271154849005
5257.88574218749999	-1.124120712280273	-0.0001839393517	0.0001839393517	18.522271154849005
5257.92773437499999	-1.117046356201172	-0.000184521195479	0.000184521195479	18.522271154849005
5257.96972656249999	-1.110017776489258	-0.000184408738278	0.000184408738278	18.522271154849005
5258.01171874999999	-1.10297966003418	-0.000184184638783	0.000184184638783	18.522271154849005
5258.05371093749999	-1.095956802368164	-0.000184103962965	0.000184103962965	18.522271154849005
5258.09570312499999	-1.088876724243164	-0.000183784519322	0.000183784519322	18.522271154849005
5258.13769531249999	-1.082260131835937	-0.000183569965884	0.000183569965884	18.522271154849005
5258.17968749999999	-1.075204849243164	-0.000183403491974	0.000183403491974	18.522271154849005
5258.22167968749999	-1.06822395324707	-0.000183293479495	0.000183293479495	18.522271154849005
5258.26367187499999	-1.061222076416016	-0.000182969029993	0.000182969029993	18.522271154849005
5258.30566406249999	-1.054203033447266	-0.000182830379345	0.000182830379345	18.522271154849005
5258.34765624999999	-1.047042846679687	-0.000182911986485	0.000182911986485	18.522271154849005
5258.38964843749999	-1.040128707885742	-0.000182742835023	0.000182742835023	18.522271154849005
5258.43164062499999	-1.033048629760742	-0.000182414310984	0.000182414310984	18.522271154849005
5258.47363281249999	-1.026027679443359	-0.000181432696991	0.000181432696991	18.522271154849005
5258.51562499999999	-1.018983840942383	-0.000180608942173	0.000180608942173	18.522271154849005
5258.55761718749999	-1.011960983276367	-0.000181376351975	0.000181376351975	18.522271154849005
5258.59960937499999	-1.004919052124023	-0.000182508141734	0.000182508141734	18.522271154849005
5258.64160156249999	-0.998226165771484	-0.000182753894478	0.000182753894478	18.522271154849005
5258.68359374999999	-0.99122428894043	-0.000183464493603	0.000183464493603	18.522271154849005
5258.72558593749999	-0.984094619750977	-0.000182112678885	0.000182112678885	18.522271154849005
5258.76660156249999	-0.977180480957031	-0.000182391959243	0.000182391959243	18.522271154849005
5258.80859374999999	-0.970149993896484	-0.000182193587534	0.000182193587534	18.522271154849005
5258.85058593749999	-0.963083267211914	-0.000182735268027	0.000182735268027	18.522271154849005
5258.89257812499999	-0.956052780151367	-0.000183609896339	0.000183609896339	18.522271154849005
5258.93457031249999	-0.949090957641602	-0.000183479278348	0.000183479278348	18.522271154849005
5258.97656249999999	-0.942001342773437	-0.000182344927453	0.000182344927453	18.522271154849005
5259.01855468749999	-0.934953689575195	-0.000180761679076	0.000180761679076	18.522271154849005
5259.06054687499999	-0.927928924560547	-0.000180391245522	0.000180391245522	18.522271154849005
5259.10253906249999	-0.920938491821289	-0.000181957148015	0.000181957148015	18.522271154849005
5259.14453124999999	-0.91423225402832	-0.000184301636182	0.000184301636182	18.522271154849005
5259.18652343749999	-0.90716552734375	-0.00018527393695	0.00018527393695	18.522271154849005
5259.22851562499999	-0.900152206420898	-0.00018469360657	0.00018469360657	18.522271154849005
5259.27050781249999	-0.8931884765625	-0.000184059259482	0.000184059259482	18.522271154849005
5259.31249999999999	-0.886159896850586	-0.000184050528333	0.000184050528333	18.522271154849005
5259.35449218749999	-0.879152297973633	-0.000184293254279	0.000184293254279	18.522271154849005
5259.39648437499999	-0.872135162353516	-0.000184112344868	0.000184112344868	18.522271154849005
5259.43847656249999	-0.865049362182617	-0.000184400938451	0.000184400938451	18.522271154849005
5259.48046874999999	-0.858047485351562	-0.00018500292208	0.00018500292208	18.522271154849005
5259.52246093749999	-0.850940704345703	-0.000185015844181	0.000185015844181	18.522271154849005
5259.56445312499999	-0.843925476074219	-0.000185349606909	0.000185349606909	18.522271154849005
5259.60644531249999	-0.836891174316406	-0.000185531214811	0.000185531214811	18.522271154849005
5259.64843749999999	-0.83021354675293	-0.000185420038179	0.000185420038179	18.522271154849005
5259.69042968749999	-0.823177337646484	-0.000185339362361	0.000185339362361	18.522271154849005
5259.73242187499999	-0.81614875793457	-0.000185460783541	0.000185460783541	18.522271154849005
5259.77441406249999	-0.809152603149414	-0.000185195589438	0.000185195589438	18.522271154849005
5259.81640624999999	-0.802164077758789	-0.000184690230526	0.000184690230526	18.522271154849005
5259.85839843749999	-0.795129776000977	-0.000184553675354	0.000184553675354	18.522271154849005
5259.90039062499999	-0.788076400756836	-0.000184516888112	0.000184516888112	18.522271154849005
5259.94238281249999	-0.781045913696289	-0.000184635748155	0.000184635748155	18.522271154849005
5259.98437499999999	-0.773965835571289	-0.000184543081559	0.000184543081559	18.522271154849005
5260.02636718749999	-0.766941070556641	-0.000185100361705	0.000185100361705	18.522271154849005
5260.06835937499999	-0.759971618652344	-0.000184932490811	0.000184932490811	18.522271154849005
5260.11035156249999	-0.752925872802734	-0.000184813048691	0.000184813048691	18.522271154849005
5260.15234374999999	-0.74553108215332	-0.000184927834198	0.000184927834198	18.522271154849005
5260.19433593749999	-0.73853874206543	-0.000185073935427	0.000185073935427	18.522271154849005
5260.23632812499999	-0.731496810913086	-0.000185140408576	0.000185140408576	18.522271154849005
5260.27832031249999	-0.724525451660156	-0.000185034354217	0.000185034354217	18.522271154849005
5260.32031249999999	-0.717498779296875	-0.00018505146727	0.00018505146727	18.522271154849005
5260.36230468749999	-0.710483551025391	-0.000185054959729	0.000185054959729	18.522271154849005
5260.40429687499999	-0.703756332397461	-0.000185197568499	0.000185197568499	18.522271154849005
5260.44628906249999	-0.696708679199219	-0.000185006298125	0.000185006298125	18.522271154849005
5260.48828124999999	-0.689699172973633	-0.000185127020814	0.000185127020814	18.522271154849005
5260.53027343749999	-0.682594299316406	-0.000185633311048	0.000185633311048	18.522271154849005
5260.57226562499999	-0.675600051879883	-0.000186764984392	0.000186764984392	18.522271154849005
5260.61425781249999	-0.668582916259766	-0.000186889665201	0.000186889665201	18.522271154849005
5260.65624999999999	-0.661508560180664	-0.000186978024431	0.000186978024431	18.522271154849005
5260.69824218749999	-0.654495239257812	-0.000186965800822	0.000186965800822	18.522271154849005
5260.73925781249999	-0.647455215454102	-0.000187000725418	0.000187000725418	18.522271154849005
5260.78124999999999	-0.640380859375	-0.000186823890544	0.000186823890544	18.522271154849005
5260.82324218749999	-0.633478164672852	-0.000186774181202	0.000186774181202	18.522271154849005
5260.86523437499999	-0.626470565795898	-0.000186734483577	0.000186734483577	18.522271154849005
5260.90722656249999	-0.619657516479492	-0.000186642166227	0.000186642166227	18.522271154849005
5260.94921874999999	-0.612699508666992	-0.000186734832823	0.000186734832823	18.522271154849005
5260.99121093749999	-0.605669021606445	-0.000186702702194	0.000186702702194	18.522271154849005
5261.03320312499999	-0.598579406738281	-0.00018680957146	0.00018680957146	18.522271154849005
5261.07519531249999	-0.591579437255859	-0.000186718767509	0.000186718767509	18.522271154849005
5261.11718749999999	-0.58452033996582	-0.000186527729966	0.000186527729966	18.522271154849005
5261.15917968749999	-0.577554702758789	-0.000186355086043	0.000186355086043	18.522271154849005
5261.20117187499999	-0.570531845092773	-0.000186253222637	0.000186253222637	18.522271154849005
5261.24316406249999	-0.563486099243164	-0.000186253106222	0.000186253106222	18.522271154849005
5261.28515624999999	-0.556413650512695	-0.000186472898349	0.000186472898349	18.522271154849005
5261.32714843749999	-0.549491882324219	-0.000187061028555	0.000187061028555	18.522271154849005
5261.36914062499999	-0.542449951171875	-0.000187297933735	0.000187297933735	18.522271154849005
5261.41113281249999	-0.535730361938477	-0.000187465222552	0.000187465222552	18.522271154849005
5261.45312499999999	-0.5286865234375	-0.000187369296327	0.000187369296327	18.522271154849005
5261.49511718749999	-0.521682739257812	-0.000187295489013	0.000187295489013	18.522271154849005
5261.53710937499999	-0.514616012573242	-0.000187442870811	0.000187442870811	18.522271154849005
5261.57910156249999	-0.507553100585937	-0.000187367200851	0.000187367200851	18.522271154849005
5261.62109374999999	-0.500570297241211	-0.000187352881767	0.000187352881767	18.522271154849005
5261.66308593749999	-0.493564605712891	-0.00018727814313	0.00018727814313	18.522271154849005
5261.70507812499999	-0.486509323120117	-0.000186180579476	0.000186180579476	18.522271154849005
5261.74707031249999	-0.479404449462891	-0.000186055665836	0.000186055665836	18.522271154849005
5261.78906249999999	-0.472467422485352	-0.000184810720384	0.000184810720384	18.522271154849005
5261.83105468749999	-0.465482711791992	-0.000183756230399	0.000183756230399	18.522271154849005
5261.87304687499999	-0.458433151245117	-0.000183177297004	0.000183177297004	18.522271154849005
5261.91503906249999	-0.451770782470703	-0.000182518037036	0.000182518037036	18.522271154849005
5261.95703124999999	-0.444664001464844	-0.000180873670615	0.000180873670615	18.522271154849005
5261.99902343749999	-0.437662124633789	-0.000180369708687	0.000180369708687	18.522271154849005
5262.04101562499999	-0.430627822875977	-0.000180494156666	0.000180494156666	18.522271154849005
5262.08300781249999	-0.423564910888672	-0.000180294271559	0.000180294271559	18.522271154849005
5262.12499999999999	-0.416547775268555	-0.000180280068889	0.000180280068889	18.522271154849005
5262.16699218749999	-0.409564971923828	-0.000180261558853	0.000180261558853	18.522271154849005
5262.20898437499999	-0.402515411376953	-0.000180267146789	0.000180267146789	18.522271154849005
5262.25097656249999	-0.395509719848633	-0.000180206494406	0.000180206494406	18.522271154849005
5262.29296874999999	-0.388420104980469	-0.000180107890628	0.000180107890628	18.522271154849005
5262.33496093749999	-0.381484985351562	-0.000180248520337	0.000180248520337	18.522271154849005
5262.37695312499999	-0.374471664428711	-0.000179881229997	0.000179881229997	18.522271154849005
5262.41894531249999	-0.367753982543945	-0.000180243048817	0.000180243048817	18.522271154849005
5262.46093749999999	-0.36073112487793	-0.000181556679308	0.000181556679308	18.522271154849005
5262.50292968749999	-0.353660583496094	-0.000183407100849	0.000183407100849	18.522271154849005
5262.54492187499999	-0.346609115600586	-0.000183383584954	0.000183383584954	18.522271154849005
5262.58691406249999	-0.339548110961914	-0.000183068332262	0.000183068332262	18.522271154849005
5262.62890624999999	-0.33256721496582	-0.000182743999176	0.000182743999176	18.522271154849005
5262.66992187499999	-0.325540542602539	-0.000181541079655	0.000181541079655	18.522271154849005
5262.71191406249999	-0.318492889404297	-0.000179974362254	0.000179974362254	18.522271154849005
5262.75390624999999	-0.31146240234375	-0.000179636641406	0.000179636641406	18.522271154849005
5262.79589843749999	-0.304464340209961	-0.000179404509254	0.000179404509254	18.522271154849005
5262.83789062499999	-0.297334671020508	-0.000179464928806	0.000179464928806	18.522271154849005
5262.87988281249999	-0.290443420410156	-0.000179367838427	0.000179367838427	18.522271154849005
5262.92187499999999	-0.283384323120117	-0.000179449561983	0.000179449561983	18.522271154849005
5262.96386718749999	-0.276664733886719	-0.000178929418325	0.000178929418325	18.522271154849005
5263.00585937499999	-0.26963996887207	-0.000179123482667	0.000179123482667	18.522271154849005
5263.04785156249999	-0.262611389160156	-0.000179159571417	0.000179159571417	18.522271154849005
5263.08984374999999	-0.255559921264648	-0.00017928017769	0.00017928017769	18.522271154849005
5263.13183593749999	-0.247854232788086	-0.000179476221092	0.000179476221092	18.522271154849005
5263.17382812499999	-0.240812301635742	-0.000178530230187	0.000178530230187	18.522271154849005
5263.21582031249999	-0.234130859375	-0.000178316491656	0.000178316491656	18.522271154849005
5263.25781249999999	-0.227136611938477	-0.000178162474185	0.000178162474185	18.522271154849005
5263.29980468749999	-0.220100402832031	-0.000177782028913	0.000177782028913	18.522271154849005
5263.34179687499999	-0.213033676147461	-0.000177435344085	0.000177435344085	18.522271154849005
5263.38378906249999	-0.206104278564453	-0.000177282956429	0.000177282956429	18.522271154849005
5263.42578124999999	-0.199028015136719	-0.000176671077497	0.000176671077497	18.522271154849005
5263.46777343749999	-0.191991806030273	-0.000174745335244	0.000174745335244	18.522271154849005
5263.50976562499999	-0.184976577758789	-0.000171928200871	0.000171928200871	18.522271154849005
5263.55175781249999	-0.177953720092773	-0.00016761245206	0.00016761245206	18.522271154849005
5263.59374999999999	-0.170915603637695	-0.000165560049936	0.000165560049936	18.522271154849005
5263.63574218749999	-0.163825988769531	-0.000165853649378	0.000165853649378	18.522271154849005
5263.67773437499999	-0.156831741333008	-0.00016592850443	0.00016592850443	18.522271154849005
5263.71972656249999	-0.150117874145508	-0.000165732926689	0.000165732926689	18.522271154849005
5263.76171874999999	-0.143074035644531	-0.000165853649378	0.000165853649378	18.522271154849005
5263.80371093749999	-0.136072158813477	-0.000165908946656	0.000165908946656	18.522271154849005
5263.84570312499999	-0.129034042358398	-0.000165776349604	0.000165776349604	18.522271154849005
5263.88769531249999	-0.122034072875977	-0.000165842124261	0.000165842124261	18.522271154849005
5263.92968749999999	-0.114995956420898	-0.00016755098477	0.00016755098477	18.522271154849005
5263.97167968749999	-0.107980728149414	-0.000173336593434	0.000173336593434	18.522271154849005
5264.01367187499999	-0.100948333740234	-0.000187390833162	0.000187390833162	18.522271154849005
5264.05566406249999	-0.093879699707031	-0.000195318018086	0.000195318018086	18.522271154849005
5264.09765624999999	-0.086936950683594	-0.000196152483113	0.000196152483113	18.522271154849005
5264.13964843749999	-0.07988166809082	-0.000194663996808	0.000194663996808	18.522271154849005
5264.18164062499999	-0.072809219360352	-0.000190771766938	0.000190771766938	18.522271154849005
5264.22363281249999	-0.066165924072266	-0.000185143901035	0.000185143901035	18.522271154849005
5264.26562499999999	-0.059093475341797	-0.00018121174071	0.00018121174071	18.522271154849005
5264.30761718749999	-0.052070617675781	-0.000185575685464	0.000185575685464	18.522271154849005
5264.34960937499999	-0.045038223266602	-0.000189105398022	0.000189105398022	18.522271154849005
5264.39160156249999	-0.038095474243164	-0.000189085723832	0.000189085723832	18.522271154849005
5264.43359374999999	-0.031040191650391	-0.000187586527318	0.000187586527318	18.522271154849005
5264.47558593749999	-0.024024963378906	-0.000187412835658	0.000187412835658	18.522271154849005
5264.51660156249999	-0.016948699951172	-0.000187717727385	0.000187717727385	18.522271154849005
5264.55859374999999	-0.009956359863281	-0.000187681987882	0.000187681987882	18.522271154849005
5264.60058593749999	-0.002883911132812	-0.000188901321962	0.000188901321962	18.522271154849005
5264.64355468749999	0.004585266113281	-0.00019010505639	0.00019010505639	18.522271154849005
5264.68554687499999	0.011621475219727	-0.000189689104445	0.000189689104445	18.522271154849005
5264.72753906249999	0.018672943115234	-0.000188849517144	0.000188849517144	18.522271154849005
5264.76953124999999	0.025402069091797	-0.000189527869225	0.000189527869225	18.522271154849005
5264.81152343749999	0.032363891601562	-0.000190757447854	0.000190757447854	18.522271154849005
5264.85351562499999	0.039396286010742	-0.000191019731574	0.000191019731574	18.522271154849005
5264.89550781249999	0.046354293823242	-0.00019068364054	0.00019068364054	18.522271154849005
5264.93749999999999	0.053400039672852	-0.000190015998669	0.000190015998669	18.522271154849005
5264.97949218749999	0.060413360595703	-0.000189106096514	0.000189106096514	18.522271154849005
5265.02148437499999	0.067480087280273	-0.00018852064386	0.00018852064386	18.522271154849005
5265.06347656249999	0.074478149414062	-0.00018883345183	0.00018883345183	18.522271154849005
5265.10546874999999	0.081535339355469	-0.000190176302567	0.000190176302567	18.522271154849005
5265.14746093749999	0.088542938232422	-0.000189457787201	0.000189457787201	18.522271154849005
5265.18945312499999	0.095577239990234	-0.000187454046682	0.000187454046682	18.522271154849005
5265.23144531249999	0.102634429931641	-0.00018750608433	0.00018750608433	18.522271154849005
5265.27343749999999	0.109367370605469	-0.000188452657312	0.000188452657312	18.522271154849005
5265.31542968749999	0.116361618041992	-0.000189526355825	0.000189526355825	18.522271154849005
5265.35742187499999	0.12336540222168	-0.000188828678802	0.000188828678802	18.522271154849005
5265.39941406249999	0.130376815795898	-0.000187660334632	0.000187660334632	18.522271154849005
5265.44140624999999	0.13739013671875	-0.000187932280824	0.000187932280824	18.522271154849005
5265.48339843749999	0.144424438476562	-0.000188892707229	0.000188892707229	18.522271154849005
5265.52539062499999	0.151458740234375	-0.000189074897207	0.000189074897207	18.522271154849005
5265.56738281249999	0.158491134643555	-0.000187773839571	0.000187773839571	18.522271154849005
5265.60937499999999	0.165504455566406	-0.000185012584552	0.000185012584552	18.522271154849005
5265.65136718749999	0.172561645507812	-0.000183399184607	0.000183399184607	18.522271154849005
5265.69238281249999	0.179618835449219	-0.000184022937901	0.000184022937901	18.522271154849005
5265.73437499999999	0.186634063720703	-0.000185202807188	0.000185202807188	18.522271154849005
5265.77636718749999	0.193666458129883	-0.000182666815817	0.000182666815817	18.522271154849005
5265.81835937499999	0.200374603271484	-0.000180062488653	0.000180062488653	18.522271154849005
5265.86035156249999	0.207408905029297	-0.000178391346708	0.000178391346708	18.522271154849005
5265.90234374999999	0.214353561401367	-0.00017969973851	0.00017969973851	18.522271154849005
5265.94433593749999	0.221431732177734	-0.000181732000783	0.000181732000783	18.522271154849005
5265.98632812499999	0.228424072265625	-0.000180237460881	0.000180237460881	18.522271154849005
5266.02832031249999	0.235445022583008	-0.000176748377271	0.000176748377271	18.522271154849005
5266.07031249999999	0.242454528808594	-0.000173300388269	0.000173300388269	18.522271154849005
5266.11230468749999	0.24949836730957	-0.00017134915106	0.00017134915106	18.522271154849005
5266.15429687499999	0.256855010986328	-0.00016983167734	0.00016983167734	18.522271154849005
5266.19628906249999	0.263904571533203	-0.000168265774846	0.000168265774846	18.522271154849005
5266.23828124999999	0.270965576171875	-0.000165789271705	0.000165789271705	18.522271154849005
5266.28027343749999	0.277973175048828	-0.000162993557751	0.000162993557751	18.522271154849005
5266.32226562499999	0.285049438476562	-0.000159803777933	0.000159803777933	18.522271154849005
5266.36425781249999	0.292041778564453	-0.000156289432198	0.000156289432198	18.522271154849005
5266.40624999999999	0.298999786376953	-0.000152118154801	0.000152118154801	18.522271154849005
5266.44824218749999	0.306070327758789	-0.000147244078107	0.000147244078107	18.522271154849005
5266.49023437499999	0.31312370300293	-0.000142566859722	0.000142566859722	18.522271154849005
5266.53222656249999	0.32008171081543	-0.000137956114486	0.000137956114486	18.522271154849005
5266.57421874999999	0.326816558837891	-0.000132645363919	0.000132645363919	18.522271154849005
5266.61621093749999	0.33387565612793	-0.000125584658235	0.000125584658235	18.522271154849005
5266.65820312499999	0.340854644775391	-0.000117311486974	0.000117311486974	18.522271154849005
5266.70019531249999	0.347976684570312	-0.000108595006168	0.000108595006168	18.522271154849005
5266.79296874999999	0.354625701904297	-9.947524813469499E-5	9.947524813469499E-5	18.522271154849005
5266.83496093749999	0.361745834350586	-8.923583664000034E-5	8.923583664000034E-5	18.522271154849005
5266.87695312499999	0.368820190429687	-7.717819244135171E-5	7.717819244135171E-5	18.522271154849005
5266.91894531249999	0.375890731811523	-6.395921809598804E-5	6.395921809598804E-5	18.522271154849005
5266.96093749999999	0.382959365844727	-4.927515692543238E-5	4.927515692543238E-5	18.522271154849005
5267.00292968749999	0.390033721923828	-3.310345346108079E-5	3.310345346108079E-5	18.522271154849005
5267.04492187499999	0.397138595581055	-1.53206055983901E-5	1.53206055983901E-5	18.522271154849005
5267.14160156249999	0.40437126159668	4.413103852130007E-6	4.413103852130007E-6	18.522271154849005
5267.28124999999999	0.411020278930664	2.6059387892019E-5	2.6059387892019E-5	18.522271154849005
5267.32324218749999	0.418107986450195	4.857539170188829E-5	4.857539170188829E-5	18.522271154849005
5267.36523437499999	0.425249099731445	7.503019151045009E-5	7.503019151045009E-5	18.522271154849005
5267.50097656249999	0.432022094726562	0.000103914411739	0.000103914411739	18.522271154849005
5267.54199218749999	0.439067840576172	0.000134489499032	0.000134489499032	18.522271154849005
5267.58398437499999	0.446096420288086	0.000168061233126	0.000168061233126	18.522271154849005
5267.62597656249999	0.453163146972656	0.00020442402456	0.00020442402456	18.522271154849005
5267.66796874999999	0.46019172668457	0.000243189977482	0.000243189977482	18.522271154849005
5267.70996093749999	0.467252731323242	0.000284893787466	0.000284893787466	18.522271154849005
5267.75195312499999	0.474231719970703	0.000329033879098	0.000329033879098	18.522271154849005
5267.79394531249999	0.481285095214844	0.000376910553314	0.000376910553314	18.522271154849005
5267.83593749999999	0.488346099853516	0.000427922583185	0.000427922583185	18.522271154849005
5267.87792968749999	0.495410919189453	0.000482206814922	0.000482206814922	18.522271154849005
5267.91992187499999	0.502111434936523	0.00053681776626	0.00053681776626	18.522271154849005
5267.96191406249999	0.50914192199707	0.000597183825448	0.000597183825448	18.522271154849005
5268.00390624999999	0.516237258911133	0.00066169758793	0.00066169758793	18.522271154849005
5268.04589843749999	0.523296356201172	0.00072948995512	0.00072948995512	18.522271154849005
5268.08789062499999	0.530374526977539	0.000800663547125	0.000800663547125	18.522271154849005
5268.12988281249999	0.537416458129883	0.000875496072695	0.000875496072695	18.522271154849005
5268.17187499999999	0.544513702392578	0.000955027411692	0.000955027411692	18.522271154849005
5268.21386718749999	0.551549911499023	0.001037933165208	0.001037933165208	18.522271154849005
5268.34863281249999	0.558160781860352	0.001122170127928	0.001122170127928	18.522271154849005
5268.39062499999999	0.565181732177734	0.001213398762047	0.001213398762047	18.522271154849005
5268.43261718749999	0.57221794128418	0.00130938179791	0.00130938179791	18.522271154849005
5268.47460937499999	0.579235076904297	0.001410662196577	0.001410662196577	18.522271154849005
5268.51660156249999	0.585954666137695	0.001511657610536	0.001511657610536	18.522271154849005
5268.55859374999999	0.592971801757812	0.001623117364943	0.001623117364943	18.522271154849005
5268.60058593749999	0.5999755859375	0.001739484257996	0.001739484257996	18.522271154849005
5268.64160156249999	0.607040405273437	0.001863459125161	0.001863459125161	18.522271154849005
5268.68359374999999	0.614097595214844	0.001992994919419	0.001992994919419	18.522271154849005
5268.72558593749999	0.621122360229492	0.002129535190761	0.002129535190761	18.522271154849005
5268.76757812499999	0.628168106079102	0.002273240126669	0.002273240126669	18.522271154849005
5268.80957031249999	0.635217666625977	0.00242549367249	0.00242549367249	18.522271154849005
5268.85156249999999	0.642162322998047	0.002583683468401	0.002583683468401	18.522271154849005
5268.89355468749999	0.64924430847168	0.002753818407655	0.002753818407655	18.522271154849005
5268.93554687499999	0.656270980834961	0.002932081930339	0.002932081930339	18.522271154849005
5268.97753906249999	0.663299560546875	0.003120859153569	0.003120859153569	18.522271154849005
5269.01953124999999	0.670042037963867	0.00331212580204	0.00331212580204	18.522271154849005
5269.06152343749999	0.677043914794922	0.003523098304868	0.003523098304868	18.522271154849005
5269.10351562499999	0.684064865112305	0.003746417351067	0.003746417351067	18.522271154849005
5269.14550781249999	0.691179275512695	0.003985210321844	0.003985210321844	18.522271154849005
5269.18749999999999	0.698219299316406	0.004237427376211	0.004237427376211	18.522271154849005
5269.22949218749999	0.705253601074219	0.004503384232521	0.004503384232521	18.522271154849005
5269.27148437499999	0.712335586547852	0.00478632748127	0.00478632748127	18.522271154849005
5269.31347656249999	0.719331741333008	0.005084634758532	0.005084634758532	18.522271154849005
5269.35546874999999	0.726387023925781	0.00540323369205	0.00540323369205	18.522271154849005
5269.39746093749999	0.733371734619141	0.0057368632406	0.0057368632406	18.522271154849005
5269.43945312499999	0.740434646606445	0.006093064323068	0.006093064323068	18.522271154849005
5269.48144531249999	0.747455596923828	0.006468391977251	0.006468391977251	18.522271154849005
5269.52343749999999	0.754831314086914	0.006886124610901	0.006886124610901	18.522271154849005
5269.56542968749999	0.761880874633789	0.007308516185731	0.007308516185731	18.522271154849005
5269.60742187499999	0.768913269042969	0.007752458099276	0.007752458099276	18.522271154849005
5269.64941406249999	0.775983810424805	0.008223542943597	0.008223542943597	18.522271154849005
5269.69140624999999	0.783041000366211	0.008719940669835	0.008719940669835	18.522271154849005
5269.73242187499999	0.790103912353516	0.009239423088729	0.009239423088729	18.522271154849005
5269.77441406249999	0.79713249206543	0.009782805107534	0.009782805107534	18.522271154849005
5269.81640624999999	0.803861618041992	0.010327725671232	0.010327725671232	18.522271154849005
5269.90527343749999	0.810543060302734	0.010911412537098	0.010911412537098	18.522271154849005
5269.94726562499999	0.817516326904297	0.011526219546795	0.011526219546795	18.522271154849005
5269.98925781249999	0.824560165405273	0.012175776064396	0.012175776064396	18.522271154849005
5270.03124999999999	0.831586837768555	0.012849666178226	0.012849666178226	18.522271154849005
5270.07324218749999	0.838634490966797	0.013557434082031	0.013557434082031	18.522271154849005
5270.11523437499999	0.845638275146484	0.014283284544945	0.014283284544945	18.522271154849005
5270.15624999999999	0.852689743041992	0.015038646757603	0.015038646757603	18.522271154849005
5270.19824218749999	0.859750747680664	0.015822805464268	0.015822805464268	18.522271154849005
5270.24023437499999	0.866771697998047	0.016632229089737	0.016632229089737	18.522271154849005
5270.28222656249999	0.873819351196289	0.01747141033411	0.01747141033411	18.522271154849005
5270.32421874999999	0.880870819091797	0.018332228064537	0.018332228064537	18.522271154849005
5270.36621093749999	0.887569427490234	0.019175201654434	0.019175201654434	18.522271154849005
5270.40820312499999	0.89457893371582	0.020079560577869	0.020079560577869	18.522271154849005
5270.45019531249999	0.901561737060547	0.021002255380154	0.021002255380154	18.522271154849005
5270.49218749999999	0.908596038818359	0.021955169737339	0.021955169737339	18.522271154849005
5270.53417968749999	0.915637969970703	0.022931285202503	0.022931285202503	18.522271154849005
5270.57617187499999	0.922645568847656	0.023927815258503	0.023927815258503	18.522271154849005
5270.61816406249999	0.929695129394531	0.024958714842796	0.024958714842796	18.522271154849005
5270.66015624999999	0.936712265014648	0.025999307632446	0.025999307632446	18.522271154849005
5270.70214843749999	0.94377326965332	0.027062751352787	0.027062751352787	18.522271154849005
5270.74414062499999	0.950794219970703	0.028143256902695	0.028143256902695	18.522271154849005
5270.78613281249999	0.957851409912109	0.029242224991322	0.029242224991322	18.522271154849005
5270.82812499999999	0.964885711669922	0.030360825359821	0.030360825359821	18.522271154849005
5270.87011718749999	0.971595764160156	0.031441211700439	0.031441211700439	18.522271154849005
5270.91210937499999	0.978633880615234	0.032585889101028	0.032585889101028	18.522271154849005
5270.95410156249999	0.985578536987305	0.033737704157829	0.033737704157829	18.522271154849005
5270.99609374999999	0.992654800415039	0.03493545204401	0.03493545204401	18.522271154849005
5271.03808593749999	0.999683380126953	0.036135829985142	0.036135829985142	18.522271154849005
5271.08007812499999	1.006721496582031	0.037344790995121	0.037344790995121	18.522271154849005
5271.12207031249999	1.013729095458984	0.038577578961849	0.038577578961849	18.522271154849005
5271.16406249999999	1.020776748657227	0.039825022220612	0.039825022220612	18.522271154849005
5271.20605468749999	1.027820587158203	0.041074343025684	0.041074343025684	18.522271154849005
5271.24804687499999	1.034894943237305	0.042343147099018	0.042343147099018	18.522271154849005
5271.29003906249999	1.041915893554687	0.043620079755783	0.043620079755783	18.522271154849005
5271.33203124999999	1.048934936523437	0.044904790818691	0.044904790818691	18.522271154849005
5271.37304687499999	1.056011199951172	0.046205423772335	0.046205423772335	18.522271154849005
5271.41503906249999	1.062707901000977	0.047431223094463	0.047431223094463	18.522271154849005
5271.45703124999999	1.06971549987793	0.048730708658695	0.048730708658695	18.522271154849005
5271.49902343749999	1.076698303222656	0.050027199089527	0.050027199089527	18.522271154849005
5271.54101562499999	1.083745956420898	0.051321431994438	0.051321431994438	18.522271154849005
5271.58300781249999	1.090782165527344	0.052658319473267	0.052658319473267	18.522271154849005
5271.62499999999999	1.097824096679687	0.053994253277779	0.053994253277779	18.522271154849005
5271.66699218749999	1.104814529418945	0.05533367395401	0.05533367395401	18.522271154849005
5271.70898437499999	1.111869812011719	0.056697748601437	0.056697748601437	18.522271154849005
5271.75097656249999	1.118900299072266	0.058048874139786	0.058048874139786	18.522271154849005
5271.79296874999999	1.125955581665039	0.05942665040493	0.05942665040493	18.522271154849005
5271.83496093749999	1.13298225402832	0.060793094336987	0.060793094336987	18.522271154849005
5271.87695312499999	1.140020370483398	0.062165625393391	0.062165625393391	18.522271154849005
5271.91894531249999	1.146747589111328	0.063476860523224	0.063476860523224	18.522271154849005
5271.96093749999999	1.153753280639648	0.064863674342632	0.064863674342632	18.522271154849005
5272.00292968749999	1.16075325012207	0.066246628761292	0.066246628761292	18.522271154849005
5272.04492187499999	1.167762756347656	0.067656241357327	0.067656241357327	18.522271154849005
5272.08691406249999	1.174827575683594	0.069082416594028	0.069082416594028	18.522271154849005
5272.12890624999999	1.181865692138672	0.070484988391399	0.070484988391399	18.522271154849005
5272.17089843749999	1.188873291015625	0.071900241076946	0.071900241076946	18.522271154849005
5272.21289062499999	1.195886611938477	0.073307149112225	0.073307149112225	18.522271154849005
5272.25488281249999	1.202993392944336	0.074721939861774	0.074721939861774	18.522271154849005
5272.29687499999999	1.209997177124023	0.076124079525471	0.076124079525471	18.522271154849005
5272.33886718749999	1.217063903808594	0.077554754912853	0.077554754912853	18.522271154849005
5272.38085937499999	1.224092483520508	0.079006992280483	0.079006992280483	18.522271154849005
5272.42285156249999	1.230743408203125	0.080187238752842	0.080187238752842	18.522271154849005
5272.46386718749999	1.237817764282227	0.081649862229824	0.081649862229824	18.522271154849005
5272.50585937499999	1.244789123535156	0.083114601671696	0.083114601671696	18.522271154849005
5272.54785156249999	1.251825332641602	0.084577471017838	0.084577471017838	18.522271154849005
5272.58984374999999	1.259529113769531	0.086209960281849	0.086209960281849	18.522271154849005
5272.63183593749999	1.266580581665039	0.087671510875225	0.087671510875225	18.522271154849005
5272.67382812499999	1.273260116577148	0.089094571769238	0.089094571769238	18.522271154849005
5272.71582031249999	1.280256271362305	0.090504705905914	0.090504705905914	18.522271154849005
5272.75781249999999	1.287353515625	0.09199146181345	0.09199146181345	18.522271154849005
5272.79980468749999	1.294397354125977	0.093545854091644	0.093545854091644	18.522271154849005
5272.84179687499999	1.301450729370117	0.09503061324358	0.09503061324358	18.522271154849005
5272.88378906249999	1.308448791503906	0.096548333764076	0.096548333764076	18.522271154849005
5272.92578124999999	1.315523147583008	0.09832751005888	0.09832751005888	18.522271154849005
5272.96777343749999	1.31709098815918	0.099996820092201	0.099996820092201	18.522271154849005
5273.00976562499999	1.31596565246582	0.099996514618397	0.099996514618397	18.522271154849005
5273.05175781249999	1.31532096862793	0.099996507167816	0.099996507167816	18.522271154849005
5273.09472656249999	1.314498901367187	0.0999965518713	0.0999965518713	18.522271154849005
5273.13671874999999	1.313959121704102	0.0999965518713	0.0999965518713	18.522271154849005
5273.17871093749999	1.313858032226562	0.099996499717236	0.099996499717236	18.522271154849005
5273.22070312499999	1.313449859619141	0.099996507167816	0.099996507167816	18.522271154849005
5273.26367187499999	1.313356399536133	0.099996514618397	0.099996514618397	18.522271154849005
5273.30566406249999	1.313077926635742	0.099996507167816	0.099996507167816	18.522271154849005
5273.34765624999999	1.312980651855469	0.099996536970139	0.099996536970139	18.522271154849005
5273.38964843749999	1.31275749206543	0.099996507167816	0.099996507167816	18.522271154849005
5273.43261718749999	1.312807083129883	0.099996477365494	0.099996477365494	18.522271154849005
5273.47460937499999	1.312772750854492	0.099996514618397	0.099996514618397	18.522271154849005
5273.51660156249999	1.312723159790039	0.099996477365494	0.099996477365494	18.522271154849005
5273.55859374999999	1.314310073852539	0.099996477365494	0.099996477365494	18.522271154849005
5273.60156249999999	1.314178466796875	0.099996492266655	0.099996492266655	18.522271154849005
5273.64355468749999	1.314146041870117	0.099996507167816	0.099996507167816	18.522271154849005
5273.68554687499999	1.314300537109375	0.099996499717236	0.099996499717236	18.522271154849005
5273.72851562499999	1.314098358154297	0.099996484816074	0.099996484816074	18.522271154849005
5273.77050781249999	1.314250946044922	0.099996522068977	0.099996522068977	18.522271154849005
5273.81249999999999	1.314048767089844	0.099996514618397	0.099996514618397	18.522271154849005
5273.85449218749999	1.313865661621094	0.099996492266655	0.099996492266655	18.522271154849005
5273.89746093749999	1.313909530639648	0.099996536970139	0.099996536970139	18.522271154849005
5273.93945312499999	1.313837051391602	0.099996499717236	0.099996499717236	18.522271154849005
5273.98144531249999	1.313785552978516	0.099996499717236	0.099996499717236	18.522271154849005
5274.02343749999999	1.313758850097656	0.099996492266655	0.099996492266655	18.522271154849005
5274.06640624999999	1.31391716003418	0.099996514618397	0.099996514618397	18.522271154849005
5274.10839843749999	1.313663482666016	0.099996462464333	0.099996462464333	18.522271154849005
5274.15039062499999	1.313436508178711	0.099996499717236	0.099996499717236	18.522271154849005
5274.19238281249999	1.313417434692383	0.099996536970139	0.099996536970139	18.522271154849005
5274.23535156249999	1.313270568847656	0.099996522068977	0.099996522068977	18.522271154849005
5274.27734374999999	1.313308715820312	0.099996544420719	0.099996544420719	18.522271154849005
5274.31933593749999	1.313207626342773	0.099996536970139	0.099996536970139	18.522271154849005
5274.36132812499999	1.313114166259766	0.099996522068977	0.099996522068977	18.522271154849005
5274.40429687499999	1.313177108764648	0.099996507167816	0.099996507167816	18.522271154849005
5274.44628906249999	1.313156127929687	0.099996507167816	0.099996507167816	18.522271154849005
5274.48828124999999	1.313230514526367	0.099996492266655	0.099996492266655	18.522271154849005
5274.53124999999999	1.313169479370117	0.099996499717236	0.099996499717236	18.522271154849005
5274.57324218749999	1.313093185424805	0.099996484816074	0.099996484816074	18.522271154849005
5274.61523437499999	1.312967300415039	0.099996447563171	0.099996447563171	18.522271154849005
5274.65722656249999	1.31291389465332	0.099996484816074	0.099996484816074	18.522271154849005
5274.70019531249999	1.312891006469727	0.099996589124203	0.099996589124203	18.522271154849005
5274.74218749999999	1.313014984130859	0.099996484816074	0.099996484816074	18.522271154849005
5274.78417968749999	1.313007354736328	0.099996499717236	0.099996499717236	18.522271154849005
5274.82617187499999	1.31292724609375	0.09999655932188	0.09999655932188	18.522271154849005
5274.86914062499999	1.312984466552734	0.099996529519558	0.099996529519558	18.522271154849005
5274.91113281249999	1.313034057617187	0.099996536970139	0.099996536970139	18.522271154849005
5274.95312499999999	1.31300163269043	0.099996507167816	0.099996507167816	18.522271154849005
5274.99511718749999	1.3128662109375	0.099996536970139	0.099996536970139	18.522271154849005
5275.03808593749999	1.31281852722168	0.099996499717236	0.099996499717236	18.522271154849005
5275.08007812499999	1.312742233276367	0.099996574223042	0.099996574223042	18.522271154849005
5275.12207031249999	1.312679290771484	0.099996477365494	0.099996477365494	18.522271154849005
5275.16406249999999	1.312664031982422	0.099996469914913	0.099996469914913	18.522271154849005
5275.20703124999999	1.312721252441406	0.099996469914913	0.099996469914913	18.522271154849005
5275.24902343749999	1.312660217285156	0.099996469914913	0.099996469914913	18.522271154849005
5275.29101562499999	1.312534332275391	0.099996529519558	0.099996529519558	18.522271154849005
5275.33300781249999	1.31257438659668	0.099996469914913	0.099996469914913	18.522271154849005
5275.37597656249999	1.312755584716797	0.099996455013752	0.099996455013752	18.522271154849005
5275.41796874999999	1.312641143798828	0.099996477365494	0.099996477365494	18.522271154849005
5275.45996093749999	1.312580108642578	0.099996477365494	0.099996477365494	18.522271154849005
5275.50195312499999	1.31269645690918	0.099996417760849	0.099996417760849	18.522271154849005
5275.54492187499999	1.312738418579102	0.099996447563171	0.099996447563171	18.522271154849005
5275.58691406249999	1.312858581542969	0.099996469914913	0.099996469914913	18.522271154849005
5275.62890624999999	1.312679290771484	0.099996469914913	0.099996469914913	18.522271154849005
5275.67089843749999	1.31248664855957	0.099996455013752	0.099996455013752	18.522271154849005
5275.71386718749999	1.312372207641602	0.099996492266655	0.099996492266655	18.522271154849005
5275.75585937499999	1.312448501586914	0.099996492266655	0.099996492266655	18.522271154849005
5275.79785156249999	1.312448501586914	0.099996477365494	0.099996477365494	18.522271154849005
5275.83984374999999	1.312314987182617	0.099996536970139	0.099996536970139	18.522271154849005
5275.88281249999999	1.312347412109375	0.099996477365494	0.099996477365494	18.522271154849005
5275.92480468749999	1.312345504760742	0.099996589124203	0.099996589124203	18.522271154849005
5275.96679687499999	1.312459945678711	0.099996499717236	0.099996499717236	18.522271154849005
5276.00878906249999	1.312458038330078	0.099996499717236	0.099996499717236	18.522271154849005
5276.05175781249999	1.312440872192383	0.099996514618397	0.099996514618397	18.522271154849005
5276.09374999999999	1.312257766723633	0.099996566772461	0.099996566772461	18.522271154849005
5276.13574218749999	1.312170028686523	0.099996529519558	0.099996529519558	18.522271154849005
5276.17773437499999	1.312122344970703	0.099996529519558	0.099996529519558	18.522271154849005
5276.22070312499999	1.312179565429687	0.099996574223042	0.099996574223042	18.522271154849005
5276.26269531249999	1.312290191650391	0.09999655932188	0.09999655932188	18.522271154849005
5276.30468749999999	1.312297821044922	0.099996611475945	0.099996611475945	18.522271154849005
5276.34667968749999	1.312374114990234	0.099996641278267	0.099996641278267	18.522271154849005
5276.38964843749999	1.312284469604492	0.09999655932188	0.09999655932188	18.522271154849005
5276.43164062499999	1.312211990356445	0.099996574223042	0.099996574223042	18.522271154849005
5276.47363281249999	1.312458038330078	0.0999965518713	0.0999965518713	18.522271154849005
5276.51562499999999	1.312469482421875	0.099996499717236	0.099996499717236	18.522271154849005
5276.55859374999999	1.312458038330078	0.09999655932188	0.09999655932188	18.522271154849005
5276.60058593749999	1.312282562255859	0.099996536970139	0.099996536970139	18.522271154849005
5276.64257812499999	1.312191009521484	0.09999655932188	0.09999655932188	18.522271154849005
5276.68457031249999	1.312160491943359	0.099996589124203	0.099996589124203	18.522271154849005
5276.72753906249999	1.312187194824219	0.099996581673622	0.099996581673622	18.522271154849005
5276.76953124999999	1.31220817565918	0.099996566772461	0.099996566772461	18.522271154849005
5276.81152343749999	1.312107086181641	0.099996544420719	0.099996544420719	18.522271154849005
5276.85351562499999	1.312005996704102	0.099996574223042	0.099996574223042	18.522271154849005
5276.89648437499999	1.31202507019043	0.099996596574783	0.099996596574783	18.522271154849005
5276.93847656249999	1.311946868896484	0.099996581673622	0.099996581673622	18.522271154849005
5276.98046874999999	1.311700820922852	0.099996536970139	0.099996536970139	18.522271154849005
5277.02246093749999	1.311567306518555	0.0999965518713	0.0999965518713	18.522271154849005
5277.06542968749999	1.311637878417969	0.099996536970139	0.099996536970139	18.522271154849005
5277.10742187499999	1.311525344848633	0.099996514618397	0.099996514618397	18.522271154849005
5277.14941406249999	1.311624526977539	0.09999655932188	0.09999655932188	18.522271154849005
5277.19140624999999	1.311578750610352	0.099996536970139	0.099996536970139	18.522271154849005
5277.23437499999999	1.311532974243164	0.099996536970139	0.099996536970139	18.522271154849005
5277.27636718749999	1.311502456665039	0.099996469914913	0.099996469914913	18.522271154849005
5277.31835937499999	1.31146240234375	0.099996514618397	0.099996514618397	18.522271154849005
5277.36035156249999	1.311397552490234	0.099996544420719	0.099996544420719	18.522271154849005
5277.40332031249999	1.311244964599609	0.099996596574783	0.099996596574783	18.522271154849005
5277.44531249999999	1.311277389526367	0.099996544420719	0.099996544420719	18.522271154849005
5277.48730468749999	1.311244964599609	0.099996589124203	0.099996589124203	18.522271154849005
5277.52929687499999	1.310997009277344	0.099996529519558	0.099996529519558	18.522271154849005
5277.57226562499999	1.310935974121094	0.099996522068977	0.099996522068977	18.522271154849005
5277.61425781249999	1.310701370239258	0.099996596574783	0.099996596574783	18.522271154849005
5277.65624999999999	1.31041145324707	0.0999965518713	0.0999965518713	18.522271154849005
5277.69824218749999	1.310405731201172	0.099996507167816	0.099996507167816	18.522271154849005
5277.74121093749999	1.31028938293457	0.099996581673622	0.099996581673622	18.522271154849005
5277.78320312499999	1.310287475585937	0.099996499717236	0.099996499717236	18.522271154849005
5277.82519531249999	1.310195922851562	0.099996492266655	0.099996492266655	18.522271154849005
5277.86718749999999	1.310094833374023	0.099996469914913	0.099996469914913	18.522271154849005
5277.91015624999999	1.309921264648437	0.099996544420719	0.099996544420719	18.522271154849005
5277.95214843749999	1.309930801391602	0.099996499717236	0.099996499717236	18.522271154849005
5277.99414062499999	1.309797286987305	0.099996455013752	0.099996455013752	18.522271154849005
5278.03613281249999	1.309804916381836	0.099996536970139	0.099996536970139	18.522271154849005
5278.07910156249999	1.309825897216797	0.099996387958527	0.099996387958527	18.522271154849005
5278.12109374999999	1.309663772583008	0.099996462464333	0.099996462464333	18.522271154849005
5278.16308593749999	1.309450149536133	0.099996581673622	0.099996581673622	18.522271154849005
5278.20507812499999	1.30946159362793	0.09999643266201	0.09999643266201	18.522271154849005
5278.24804687499999	1.309377670288086	0.09999642521143	0.09999642521143	18.522271154849005
5278.29003906249999	1.309444427490234	0.099996529519558	0.099996529519558	18.522271154849005
5278.33203124999999	1.309148788452148	0.099996507167816	0.099996507167816	18.522271154849005
5278.37402343749999	1.306425094604492	0.099996492266655	0.099996492266655	18.522271154849005
5278.41699218749999	1.306453704833984	0.099996514618397	0.099996514618397	18.522271154849005
5278.45898437499999	1.306272506713867	0.099996484816074	0.099996484816074	18.522271154849005
5278.50097656249999	1.306184768676758	0.099996514618397	0.099996514618397	18.522271154849005
5278.54296874999999	1.306018829345703	0.099996447563171	0.099996447563171	18.522271154849005
5278.58593749999999	1.305744171142578	0.09999643266201	0.09999643266201	18.522271154849005
5278.62792968749999	1.305608749389648	0.099996529519558	0.099996529519558	18.522271154849005
5278.66992187499999	1.30494499206543	0.099996469914913	0.099996469914913	18.522271154849005
5278.71191406249999	1.304059982299805	0.099996507167816	0.099996507167816	18.522271154849005
5278.75488281249999	1.296995162963867	0.099996514618397	0.099996514618397	18.522271154849005
5278.79687499999999	1.286676406860352	0.099996544420719	0.099996544420719	18.522271154849005
5278.83886718749999	1.285703659057617	0.099996484816074	0.099996484816074	18.522271154849005
5278.88085937499999	1.285152435302734	0.099996492266655	0.099996492266655	18.522271154849005
5278.92382812499999	1.284784317016602	0.099996529519558	0.099996529519558	18.522271154849005
5278.96582031249999	1.284475326538086	0.099996469914913	0.099996469914913	18.522271154849005
5279.00781249999999	1.284353256225586	0.099996492266655	0.099996492266655	18.522271154849005
5279.04980468749999	1.2841796875	0.099996514618397	0.099996514618397	18.522271154849005
5279.09277343749999	1.28392219543457	0.099996522068977	0.099996522068977	18.522271154849005
5279.13476562499999	1.283683776855469	0.099996455013752	0.099996455013752	18.522271154849005
5279.17675781249999	1.283563613891602	0.099996536970139	0.099996536970139	18.522271154849005
5279.21972656249999	1.283424377441406	0.099996507167816	0.099996507167816	18.522271154849005
5279.26171874999999	1.283351898193359	0.099996477365494	0.099996477365494	18.522271154849005
5279.30371093749999	1.283357620239258	0.099996469914913	0.099996469914913	18.522271154849005
5279.34570312499999	1.283226013183594	0.099996492266655	0.099996492266655	18.522271154849005
5279.38867187499999	1.28318977355957	0.099996477365494	0.099996477365494	18.522271154849005
5279.43066406249999	1.283149719238281	0.099996492266655	0.099996492266655	18.522271154849005
5279.47265624999999	1.282966613769531	0.099996507167816	0.099996507167816	18.522271154849005
5279.51464843749999	1.282989501953125	0.099996469914913	0.099996469914913	18.522271154849005
5279.55761718749999	1.282939910888672	0.099996484816074	0.099996484816074	18.522271154849005
5279.59960937499999	1.282861709594727	0.099996455013752	0.099996455013752	18.522271154849005
5279.64160156249999	1.282835006713867	0.099996514618397	0.099996514618397	18.522271154849005
5279.68359374999999	1.282802581787109	0.099996477365494	0.099996477365494	18.522271154849005
5279.72656249999999	1.28271484375	0.099996499717236	0.099996499717236	18.522271154849005
5279.76855468749999	1.282735824584961	0.099996492266655	0.099996492266655	18.522271154849005
5279.81054687499999	1.282699584960937	0.099996469914913	0.099996469914913	18.522271154849005
5279.85351562499999	1.282718658447266	0.099996477365494	0.099996477365494	18.522271154849005
5279.89550781249999	1.282625198364258	0.099996514618397	0.099996514618397	18.522271154849005
5279.93749999999999	1.28248405456543	0.099996544420719	0.099996544420719	18.522271154849005
5279.97949218749999	1.282238006591797	0.099996499717236	0.099996499717236	18.522271154849005
5280.02246093749999	1.280422210693359	0.099996529519558	0.099996529519558	18.522271154849005
5280.06445312499999	1.27964973449707	0.099996522068977	0.099996522068977	18.522271154849005
5280.10644531249999	1.279218673706055	0.099996514618397	0.099996514618397	18.522271154849005
5280.14843749999999	1.278524398803711	0.099996514618397	0.099996514618397	18.522271154849005
5280.19140624999999	1.277931213378906	0.099996492266655	0.099996492266655	18.522271154849005
5280.23339843749999	1.277637481689453	0.099996492266655	0.099996492266655	18.522271154849005
5280.27539062499999	1.277534484863281	0.099996507167816	0.099996507167816	18.522271154849005
5280.31835937499999	1.27729606628418	0.099996477365494	0.099996477365494	18.522271154849005
5280.36035156249999	1.277143478393555	0.099996462464333	0.099996462464333	18.522271154849005
5280.40234374999999	1.277153015136719	0.099996440112591	0.099996440112591	18.522271154849005
5280.44433593749999	1.277059555053711	0.099996455013752	0.099996455013752	18.522271154849005
5280.48730468749999	1.277040481567383	0.099996529519558	0.099996529519558	18.522271154849005
5280.52929687499999	1.276937484741211	0.099996455013752	0.099996455013752	18.522271154849005
5280.57128906249999	1.276906967163086	0.099996455013752	0.099996455013752	18.522271154849005
5280.61328124999999	1.276891708374023	0.099996514618397	0.099996514618397	18.522271154849005
5280.65624999999999	1.276712417602539	0.099996469914913	0.099996469914913	18.522271154849005
5280.69824218749999	1.27665901184082	0.099996440112591	0.099996440112591	18.522271154849005
5280.74023437499999	1.276683807373047	0.099996529519558	0.099996529519558	18.522271154849005
5280.78222656249999	1.276575088500977	0.099996455013752	0.099996455013752	18.522271154849005
5280.82519531249999	1.276523590087891	0.099996499717236	0.099996499717236	18.522271154849005
5280.86718749999999	1.276533126831055	0.099996514618397	0.099996514618397	18.522271154849005
5280.90917968749999	1.27647590637207	0.099996507167816	0.099996507167816	18.522271154849005
5280.95117187499999	1.2764892578125	0.099996499717236	0.099996499717236	18.522271154849005
5280.99414062499999	1.276462554931641	0.099996499717236	0.099996499717236	18.522271154849005
5281.03613281249999	1.276453018188477	0.099996604025364	0.099996604025364	18.522271154849005
5281.07812499999999	1.276399612426758	0.099996507167816	0.099996507167816	18.522271154849005
5281.12011718749999	1.276372909545898	0.099996514618397	0.099996514618397	18.522271154849005
5281.16308593749999	1.276273727416992	0.099996536970139	0.099996536970139	18.522271154849005
5281.20507812499999	1.276271820068359	0.09999655932188	0.09999655932188	18.522271154849005
5281.24707031249999	1.276210784912109	0.099996529519558	0.099996529519558	18.522271154849005
5281.28906249999999	1.276281356811523	0.099996536970139	0.099996536970139	18.522271154849005
5281.33203124999999	1.276178359985352	0.099996529519558	0.099996529519558	18.522271154849005
5281.37402343749999	1.276105880737305	0.099996536970139	0.099996536970139	18.522271154849005
5281.41601562499999	1.276126861572266	0.099996514618397	0.099996514618397	18.522271154849005
5281.45898437499999	1.276029586791992	0.099996596574783	0.099996596574783	18.522271154849005
5281.50097656249999	1.27598762512207	0.09999655932188	0.09999655932188	18.522271154849005
5281.54296874999999	1.27593994140625	0.099996536970139	0.099996536970139	18.522271154849005
5281.58496093749999	1.275968551635742	0.099996633827686	0.099996633827686	18.522271154849005
5281.62792968749999	1.275962829589844	0.099996574223042	0.099996574223042	18.522271154849005
5281.66992187499999	1.275930404663086	0.099996566772461	0.099996566772461	18.522271154849005
5281.71191406249999	1.27593994140625	0.099996507167816	0.099996507167816	18.522271154849005
5281.75390624999999	1.275890350341797	0.099996536970139	0.099996536970139	18.522271154849005
5281.79687499999999	1.275819778442383	0.099996544420719	0.099996544420719	18.522271154849005
5281.83886718749999	1.275815963745117	0.099996536970139	0.099996536970139	18.522271154849005
5281.88085937499999	1.275785446166992	0.0999965518713	0.0999965518713	18.522271154849005
5281.92285156249999	1.275684356689453	0.099996529519558	0.099996529519558	18.522271154849005
5281.96582031249999	1.275663375854492	0.09999655932188	0.09999655932188	18.522271154849005
5282.00781249999999	1.275630950927734	0.099996522068977	0.099996522068977	18.522271154849005
5282.04980468749999	1.275598526000977	0.099996618926525	0.099996618926525	18.522271154849005
5282.09179687499999	1.275600433349609	0.099996536970139	0.099996536970139	18.522271154849005
5282.13476562499999	1.275556564331055	0.099996522068977	0.099996522068977	18.522271154849005
5282.17675781249999	1.27549934387207	0.099996536970139	0.099996536970139	18.522271154849005
5282.21874999999999	1.275461196899414	0.099996581673622	0.099996581673622	18.522271154849005
5282.26074218749999	1.275487899780273	0.099996566772461	0.099996566772461	18.522271154849005
5282.30371093749999	1.275478363037109	0.099996522068977	0.099996522068977	18.522271154849005
5282.34570312499999	1.275459289550781	0.099996544420719	0.099996544420719	18.522271154849005
5282.38769531249999	1.275423049926758	0.09999655932188	0.09999655932188	18.522271154849005
5282.43066406249999	1.275442123413086	0.099996641278267	0.099996641278267	18.522271154849005
5282.47265624999999	1.275398254394531	0.099996529519558	0.099996529519558	18.522271154849005
5282.51464843749999	1.275413513183594	0.099996536970139	0.099996536970139	18.522271154849005
5282.55664062499999	1.275373458862305	0.0999965518713	0.0999965518713	18.522271154849005
5282.59960937499999	1.275339126586914	0.099996596574783	0.099996596574783	18.522271154849005
5282.64160156249999	1.275289535522461	0.099996544420719	0.099996544420719	18.522271154849005
5282.68359374999999	1.275297164916992	0.0999965518713	0.0999965518713	18.522271154849005
5282.72558593749999	1.275320053100586	0.099996581673622	0.099996581673622	18.522271154849005
5282.76855468749999	1.275354385375977	0.099996604025364	0.099996604025364	18.522271154849005
5282.81054687499999	1.275287628173828	0.09999667853117	0.09999667853117	18.522271154849005
5282.85253906249999	1.275236129760742	0.099996507167816	0.099996507167816	18.522271154849005
5282.89453124999999	1.275217056274414	0.09999655932188	0.09999655932188	18.522271154849005
5282.93749999999999	1.275245666503906	0.099996566772461	0.099996566772461	18.522271154849005
5282.97949218749999	1.275171279907227	0.099996522068977	0.099996522068977	18.522271154849005
5283.02148437499999	1.27513313293457	0.0999965518713	0.0999965518713	18.522271154849005
5283.06347656249999	1.275060653686523	0.099996633827686	0.099996633827686	18.522271154849005
5283.10644531249999	1.275033950805664	0.0999965518713	0.0999965518713	18.522271154849005
5283.14843749999999	1.275112152099609	0.099996596574783	0.099996596574783	18.522271154849005
5283.19042968749999	1.275077819824219	0.099996566772461	0.099996566772461	18.522271154849005
5283.23242187499999	1.275020599365234	0.099996566772461	0.099996566772461	18.522271154849005
5283.27539062499999	1.274858474731445	0.099996514618397	0.099996514618397	18.522271154849005
5283.31738281249999	1.274812698364258	0.099996648728848	0.099996648728848	18.522271154849005
5283.35937499999999	1.274803161621094	0.099996544420719	0.099996544420719	18.522271154849005
5283.40136718749999	1.274785995483398	0.099996566772461	0.099996566772461	18.522271154849005
5283.44433593749999	1.274681091308594	0.09999655932188	0.09999655932188	18.522271154849005
5283.48632812499999	1.274749755859375	0.099996514618397	0.099996514618397	18.522271154849005
5283.52832031249999	1.274707794189453	0.099996514618397	0.099996514618397	18.522271154849005
5283.57031249999999	1.274566650390625	0.0999965518713	0.0999965518713	18.522271154849005
5283.61328124999999	1.274623870849609	0.099996529519558	0.099996529519558	18.522271154849005
5283.65527343749999	1.27464485168457	0.099996536970139	0.099996536970139	18.522271154849005
5283.69726562499999	1.274637222290039	0.099996529519558	0.099996529519558	18.522271154849005
5283.74023437499999	1.274587631225586	0.099996536970139	0.099996536970139	18.522271154849005
5283.78222656249999	1.274526596069336	0.099996522068977	0.099996522068977	18.522271154849005
5283.82421874999999	1.274477005004883	0.099996507167816	0.099996507167816	18.522271154849005
5283.86621093749999	1.274444580078125	0.0999965518713	0.0999965518713	18.522271154849005
5283.90917968749999	1.274410247802734	0.09999655932188	0.09999655932188	18.522271154849005
5283.95117187499999	1.274467468261719	0.099996529519558	0.099996529519558	18.522271154849005
5283.99316406249999	1.274326324462891	0.099996536970139	0.099996536970139	18.522271154849005
5284.03515624999999	1.274272918701172	0.099996529519558	0.099996529519558	18.522271154849005
5284.07812499999999	1.27430534362793	0.0999965518713	0.0999965518713	18.522271154849005
5284.12011718749999	1.274318695068359	0.099996566772461	0.099996566772461	18.522271154849005
5284.16210937499999	1.274269104003906	0.0999965518713	0.0999965518713	18.522271154849005
5284.20410156249999	1.274204254150391	0.099996492266655	0.099996492266655	18.522271154849005
5284.24707031249999	1.274152755737305	0.099996544420719	0.099996544420719	18.522271154849005
5284.28906249999999	1.274179458618164	0.0999965518713	0.0999965518713	18.522271154849005
5284.33105468749999	1.274103164672852	0.099996574223042	0.099996574223042	18.522271154849005
5284.37304687499999	1.274145126342773	0.099996574223042	0.099996574223042	18.522271154849005
5284.41601562499999	1.274106979370117	0.099996544420719	0.099996544420719	18.522271154849005
5284.45800781249999	1.274103164672852	0.099996589124203	0.099996589124203	18.522271154849005
5284.49999999999999	1.274070739746094	0.099996507167816	0.099996507167816	18.522271154849005
5284.54199218749999	1.274068832397461	0.099996522068977	0.099996522068977	18.522271154849005
5284.58496093749999	1.274030685424805	0.099996529519558	0.099996529519558	18.522271154849005
5284.62695312499999	1.273942947387695	0.0999965518713	0.0999965518713	18.522271154849005
5284.66894531249999	1.273910522460937	0.099996499717236	0.099996499717236	18.522271154849005
5284.71093749999999	1.27386474609375	0.099996581673622	0.099996581673622	18.522271154849005
5284.75390624999999	1.273824691772461	0.099996574223042	0.099996574223042	18.522271154849005
5284.79589843749999	1.273820877075195	0.099996581673622	0.099996581673622	18.522271154849005
5284.83789062499999	1.273815155029297	0.099996626377106	0.099996626377106	18.522271154849005
5284.87988281249999	1.273857116699219	0.099996618926525	0.099996618926525	18.522271154849005
5284.92285156249999	1.273809432983398	0.099996536970139	0.099996536970139	18.522271154849005
5284.96484374999999	1.273788452148437	0.099996574223042	0.099996574223042	18.522271154849005
5285.00683593749999	1.273664474487305	0.099996596574783	0.099996596574783	18.522271154849005
5285.04882812499999	1.273576736450195	0.099996589124203	0.099996589124203	18.522271154849005
5285.09179687499999	1.273500442504883	0.099996566772461	0.099996566772461	18.522271154849005
5285.13378906249999	1.273574829101562	0.099996656179428	0.099996656179428	18.522271154849005
5285.17578124999999	1.273458480834961	0.099996663630009	0.099996663630009	18.522271154849005
5285.21777343749999	1.273391723632812	0.099996514618397	0.099996514618397	18.522271154849005
5285.26074218749999	1.273309707641602	0.099996604025364	0.099996604025364	18.522271154849005
5285.30273437499999	1.273340225219727	0.099996641278267	0.099996641278267	18.522271154849005
5285.34472656249999	1.27324104309082	0.099996536970139	0.099996536970139	18.522271154849005
5285.38671874999999	1.273162841796875	0.099996529519558	0.099996529519558	18.522271154849005
5285.42968749999999	1.273147583007812	0.0999965518713	0.0999965518713	18.522271154849005
5285.47167968749999	1.273042678833008	0.099996641278267	0.099996641278267	18.522271154849005
5285.51367187499999	1.273006439208984	0.099996589124203	0.099996589124203	18.522271154849005
5285.55566406249999	1.273036956787109	0.099996566772461	0.099996566772461	18.522271154849005
5285.59863281249999	1.272985458374023	0.099996611475945	0.099996611475945	18.522271154849005
5285.64062499999999	1.272930145263672	0.099996618926525	0.099996618926525	18.522271154849005
5285.68261718749999	1.272991180419922	0.099996618926525	0.099996618926525	18.522271154849005
5285.72460937499999	1.272993087768555	0.099996574223042	0.099996574223042	18.522271154849005
5285.76757812499999	1.272964477539062	0.099996566772461	0.099996566772461	18.522271154849005
5285.80957031249999	1.272899627685547	0.099996589124203	0.099996589124203	18.522271154849005
5285.85156249999999	1.272893905639648	0.099996611475945	0.099996611475945	18.522271154849005
5285.89355468749999	1.2728271484375	0.099996589124203	0.099996589124203	18.522271154849005
5285.93652343749999	1.272790908813477	0.099996529519558	0.099996529519558	18.522271154849005
5285.97851562499999	1.272714614868164	0.0999965518713	0.0999965518713	18.522271154849005
5286.02050781249999	1.272720336914062	0.099996596574783	0.099996596574783	18.522271154849005
5286.06249999999999	1.27264404296875	0.099996514618397	0.099996514618397	18.522271154849005
5286.10546874999999	1.272672653198242	0.0999965518713	0.0999965518713	18.522271154849005
5286.14746093749999	1.272666931152344	0.099996544420719	0.099996544420719	18.522271154849005
5286.18945312499999	1.272598266601562	0.099996589124203	0.099996589124203	18.522271154849005
5286.23144531249999	1.272571563720703	0.099996633827686	0.099996633827686	18.522271154849005
5286.27441406249999	1.272617340087891	0.099996566772461	0.099996566772461	18.522271154849005
5286.31640624999999	1.272609710693359	0.099996529519558	0.099996529519558	18.522271154849005
5286.35839843749999	1.272541046142578	0.099996536970139	0.099996536970139	18.522271154849005
5286.40039062499999	1.272516250610352	0.099996566772461	0.099996566772461	18.522271154849005
5286.44335937499999	1.27244758605957	0.099996604025364	0.099996604025364	18.522271154849005
5286.48535156249999	1.272449493408203	0.099996544420719	0.099996544420719	18.522271154849005
5286.52734374999999	1.272394180297852	0.099996492266655	0.099996492266655	18.522271154849005
5286.56933593749999	1.27238655090332	0.099996529519558	0.099996529519558	18.522271154849005
5286.61230468749999	1.272323608398437	0.099996536970139	0.099996536970139	18.522271154849005
5286.65429687499999	1.272296905517578	0.099996566772461	0.099996566772461	18.522271154849005
5286.69628906249999	1.272243499755859	0.099996581673622	0.099996581673622	18.522271154849005
5286.73828124999999	1.272218704223633	0.099996604025364	0.099996604025364	18.522271154849005
5286.78124999999999	1.272186279296875	0.099996574223042	0.099996574223042	18.522271154849005
5286.82324218749999	1.272184371948242	0.099996477365494	0.099996477365494	18.522271154849005
5286.86523437499999	1.272167205810547	0.099996581673622	0.099996581673622	18.522271154849005
5286.90722656249999	1.272171020507812	0.099996544420719	0.099996544420719	18.522271154849005
5286.95019531249999	1.272104263305664	0.099996589124203	0.099996589124203	18.522271154849005
5286.99218749999999	1.272157669067383	0.099996574223042	0.099996574223042	18.522271154849005
5287.03417968749999	1.272157669067383	0.099996544420719	0.099996544420719	18.522271154849005
5287.07617187499999	1.272127151489258	0.099996529519558	0.099996529519558	18.522271154849005
5287.11914062499999	1.272064208984375	0.099996581673622	0.099996581673622	18.522271154849005
5287.16113281249999	1.272146224975586	0.099996566772461	0.099996566772461	18.522271154849005
5287.20312499999999	1.272077560424805	0.099996596574783	0.099996596574783	18.522271154849005
5287.24511718749999	1.272176742553711	0.099996566772461	0.099996566772461	18.522271154849005
5287.28808593749999	1.272201538085937	0.099996536970139	0.099996536970139	18.522271154849005
5287.33007812499999	1.272186279296875	0.099996656179428	0.099996656179428	18.522271154849005
5287.37207031249999	1.272224426269531	0.099996514618397	0.099996514618397	18.522271154849005
5287.41406249999999	1.272182464599609	0.099996529519558	0.099996529519558	18.522271154849005
5287.45703124999999	1.272113800048828	0.099996574223042	0.099996574223042	18.522271154849005
5287.49902343749999	1.271955490112305	0.099996499717236	0.099996499717236	18.522271154849005
5287.54101562499999	1.272003173828125	0.099996536970139	0.099996536970139	18.522271154849005
5287.58300781249999	1.271997451782227	0.099996544420719	0.099996544420719	18.522271154849005
5287.62597656249999	1.271989822387695	0.09999655932188	0.09999655932188	18.522271154849005
5287.66796874999999	1.271966934204102	0.0999965518713	0.0999965518713	18.522271154849005
5287.70996093749999	1.272001266479492	0.099996581673622	0.099996581673622	18.522271154849005
5287.75195312499999	1.272071838378906	0.0999965518713	0.0999965518713	18.522271154849005
5287.79492187499999	1.272064208984375	0.0999965518713	0.0999965518713	18.522271154849005
5287.83691406249999	1.271997451782227	0.099996484816074	0.099996484816074	18.522271154849005
5287.87890624999999	1.271947860717773	0.099996536970139	0.099996536970139	18.522271154849005
5287.92089843749999	1.271951675415039	0.099996499717236	0.099996499717236	18.522271154849005
5287.96386718749999	1.271942138671875	0.099996596574783	0.099996596574783	18.522271154849005
5288.00585937499999	1.271867752075195	0.099996566772461	0.099996566772461	18.522271154849005
5288.04785156249999	1.271842956542969	0.099996455013752	0.099996455013752	18.522271154849005
5288.08984374999999	1.271839141845703	0.099996514618397	0.099996514618397	18.522271154849005
5288.13281249999999	1.271816253662109	0.099996566772461	0.099996566772461	18.522271154849005
5288.17480468749999	1.271839141845703	0.099996536970139	0.099996536970139	18.522271154849005
5288.21679687499999	1.271797180175781	0.099996536970139	0.099996536970139	18.522271154849005
5288.25878906249999	1.27180290222168	0.099996566772461	0.099996566772461	18.522271154849005
5288.30175781249999	1.27180290222168	0.0999965518713	0.0999965518713	18.522271154849005
5288.34374999999999	1.271825790405273	0.099996574223042	0.099996574223042	18.522271154849005
5288.38574218749999	1.271780014038086	0.099996455013752	0.099996455013752	18.522271154849005
5288.42773437499999	1.271871566772461	0.099996536970139	0.099996536970139	18.522271154849005
5288.47070312499999	1.271818161010742	0.099996566772461	0.099996566772461	18.522271154849005
5288.51269531249999	1.271781921386719	0.099996529519558	0.099996529519558	18.522271154849005
5288.55468749999999	1.271722793579102	0.099996566772461	0.099996566772461	18.522271154849005
5288.59667968749999	1.271749496459961	0.099996529519558	0.099996529519558	18.522271154849005
5288.63964843749999	1.271724700927734	0.099996522068977	0.099996522068977	18.522271154849005
5288.68164062499999	1.271697998046875	0.099996529519558	0.099996529519558	18.522271154849005
5288.72363281249999	1.271709442138672	0.099996536970139	0.099996536970139	18.522271154849005
5288.76562499999999	1.271766662597656	0.099996566772461	0.099996566772461	18.522271154849005
5288.80859374999999	1.271774291992187	0.099996536970139	0.099996536970139	18.522271154849005
5288.85058593749999	1.271608352661133	0.099996536970139	0.099996536970139	18.522271154849005
5288.89257812499999	1.27149772644043	0.099996604025364	0.099996604025364	18.522271154849005
5288.93457031249999	1.271381378173828	0.099996522068977	0.099996522068977	18.522271154849005
5288.97753906249999	1.271257400512695	0.099996574223042	0.099996574223042	18.522271154849005
5289.01953124999999	1.271167755126953	0.099996514618397	0.099996514618397	18.522271154849005
5289.06152343749999	1.271188735961914	0.099996514618397	0.099996514618397	18.522271154849005
5289.10351562499999	1.271156311035156	0.099996581673622	0.099996581673622	18.522271154849005
5289.14648437499999	1.271146774291992	0.099996574223042	0.099996574223042	18.522271154849005
5289.18847656249999	1.271135330200195	0.099996589124203	0.099996589124203	18.522271154849005
5289.23046874999999	1.271207809448242	0.099996589124203	0.099996589124203	18.522271154849005
5289.27246093749999	1.271184921264648	0.099996641278267	0.099996641278267	18.522271154849005
5289.31542968749999	1.271234512329102	0.099996604025364	0.099996604025364	18.522271154849005
5289.35742187499999	1.271263122558594	0.099996611475945	0.099996611475945	18.522271154849005
5289.39941406249999	1.271207809448242	0.099996544420719	0.099996544420719	18.522271154849005
5289.44140624999999	1.27116584777832	0.099996611475945	0.099996611475945	18.522271154849005
5289.48437499999999	1.27116584777832	0.099996544420719	0.099996544420719	18.522271154849005
5289.52636718749999	1.271190643310547	0.099996566772461	0.099996566772461	18.522271154849005
5289.56835937499999	1.271158218383789	0.099996574223042	0.099996574223042	18.522271154849005
5289.61035156249999	1.271114349365234	0.099996484816074	0.099996484816074	18.522271154849005
5289.65332031249999	1.271125793457031	0.099996581673622	0.099996581673622	18.522271154849005
5289.69531249999999	1.271108627319336	0.099996492266655	0.099996492266655	18.522271154849005
5289.73730468749999	1.271066665649414	0.099996462464333	0.099996462464333	18.522271154849005
5289.77929687499999	1.271049499511719	0.099996499717236	0.099996499717236	18.522271154849005
5289.82226562499999	1.271108627319336	0.099996477365494	0.099996477365494	18.522271154849005
5289.86425781249999	1.271146774291992	0.09999655932188	0.09999655932188	18.522271154849005
5289.90624999999999	1.271125793457031	0.099996544420719	0.099996544420719	18.522271154849005
5289.94824218749999	1.271120071411133	0.099996514618397	0.099996514618397	18.522271154849005
5289.99121093749999	1.271125793457031	0.09999655932188	0.09999655932188	18.522271154849005
5290.03320312499999	1.271095275878906	0.099996566772461	0.099996566772461	18.522271154849005
5290.07519531249999	1.27110481262207	0.099996529519558	0.099996529519558	18.522271154849005
5290.11718749999999	1.270988464355469	0.099996507167816	0.099996507167816	18.522271154849005
5290.16015624999999	1.270998001098633	0.099996544420719	0.099996544420719	18.522271154849005
5290.20214843749999	1.271020889282227	0.099996529519558	0.099996529519558	18.522271154849005
5290.24414062499999	1.271097183227539	0.099996604025364	0.099996604025364	18.522271154849005
5290.28613281249999	1.27107048034668	0.099996536970139	0.099996536970139	18.522271154849005
5290.32910156249999	1.271129608154297	0.099996514618397	0.099996514618397	18.522271154849005
5290.37109374999999	1.271059036254883	0.099996477365494	0.099996477365494	18.522271154849005
5290.41308593749999	1.271062850952148	0.099996522068977	0.099996522068977	18.522271154849005
5290.45507812499999	1.27107048034668	0.09999655932188	0.09999655932188	18.522271154849005
5290.49804687499999	1.271032333374023	0.099996536970139	0.099996536970139	18.522271154849005
5290.54003906249999	1.270999908447266	0.099996544420719	0.099996544420719	18.522271154849005
5290.58203124999999	1.271059036254883	0.099996514618397	0.099996514618397	18.522271154849005
5290.62402343749999	1.271060943603516	0.09999642521143	0.09999642521143	18.522271154849005
5290.66699218749999	1.271015167236328	0.099996469914913	0.099996469914913	18.522271154849005
5290.70898437499999	1.271049499511719	0.099996440112591	0.099996440112591	18.522271154849005
5290.75097656249999	1.271053314208984	0.099996507167816	0.099996507167816	18.522271154849005
5290.79296874999999	1.270963668823242	0.099996589124203	0.099996589124203	18.522271154849005
5290.83593749999999	1.271007537841797	0.099996492266655	0.099996492266655	18.522271154849005
5290.87792968749999	1.271005630493164	0.0999965518713	0.0999965518713	18.522271154849005
5290.91992187499999	1.270967483520508	0.099996462464333	0.099996462464333	18.522271154849005
5290.96191406249999	1.270927429199219	0.099996477365494	0.099996477365494	18.522271154849005
5291.00488281249999	1.27086067199707	0.099996544420719	0.099996544420719	18.522271154849005
5291.04687499999999	1.270854949951172	0.099996469914913	0.099996469914913	18.522271154849005
5291.08886718749999	1.270896911621094	0.099996544420719	0.099996544420719	18.522271154849005
5291.13085937499999	1.27086067199707	0.099996507167816	0.099996507167816	18.522271154849005
5291.17382812499999	1.270843505859375	0.099996469914913	0.099996469914913	18.522271154849005
5291.21582031249999	1.270864486694336	0.09999655932188	0.09999655932188	18.522271154849005
5291.25781249999999	1.270883560180664	0.099996477365494	0.099996477365494	18.522271154849005
5291.29980468749999	1.270864486694336	0.099996544420719	0.099996544420719	18.522271154849005
5291.34277343749999	1.270767211914062	0.099996499717236	0.099996499717236	18.522271154849005
5291.38476562499999	1.270793914794922	0.099996529519558	0.099996529519558	18.522271154849005
5291.42675781249999	1.270830154418945	0.099996529519558	0.099996529519558	18.522271154849005
5291.46874999999999	1.270843505859375	0.099996514618397	0.099996514618397	18.522271154849005
5291.51171874999999	1.27082633972168	0.099996507167816	0.099996507167816	18.522271154849005
5291.55371093749999	1.270849227905273	0.09999643266201	0.09999643266201	18.522271154849005
5291.59570312499999	1.270959854125977	0.099996544420719	0.099996544420719	18.522271154849005
5291.63769531249999	1.270912170410156	0.099996507167816	0.099996507167816	18.522271154849005
5291.68066406249999	1.270856857299805	0.099996514618397	0.099996514618397	18.522271154849005
5291.72265624999999	1.270864486694336	0.099996566772461	0.099996566772461	18.522271154849005
5291.76464843749999	1.270883560180664	0.099996499717236	0.099996499717236	18.522271154849005
5291.80664062499999	1.270883560180664	0.099996484816074	0.099996484816074	18.522271154849005
5291.84960937499999	1.270891189575195	0.099996514618397	0.099996514618397	18.522271154849005
5291.89160156249999	1.270820617675781	0.099996462464333	0.099996462464333	18.522271154849005
5291.93359374999999	1.270708084106445	0.099996462464333	0.099996462464333	18.522271154849005
5291.97558593749999	1.270689010620117	0.099996566772461	0.099996566772461	18.522271154849005
5292.01855468749999	1.270675659179687	0.099996536970139	0.099996536970139	18.522271154849005
5292.06054687499999	1.270666122436523	0.099996589124203	0.099996589124203	18.522271154849005
5292.10253906249999	1.270708084106445	0.099996574223042	0.099996574223042	18.522271154849005
5292.14453124999999	1.270748138427734	0.099996581673622	0.099996581673622	18.522271154849005
5292.18749999999999	1.270801544189453	0.099996529519558	0.099996529519558	18.522271154849005
5292.22949218749999	1.270849227905273	0.099996566772461	0.099996566772461	18.522271154849005
5292.27148437499999	1.270877838134766	0.099996574223042	0.099996574223042	18.522271154849005
5292.31347656249999	1.270801544189453	0.099996626377106	0.099996626377106	18.522271154849005
5292.35644531249999	1.270801544189453	0.0999965518713	0.0999965518713	18.522271154849005
5292.39843749999999	1.270828247070312	0.099996529519558	0.099996529519558	18.522271154849005
5292.44042968749999	1.270824432373047	0.099996499717236	0.099996499717236	18.522271154849005
5292.48242187499999	1.270868301391602	0.099996469914913	0.099996469914913	18.522271154849005
5292.52539062499999	1.2708740234375	0.099996507167816	0.099996507167816	18.522271154849005
5292.56738281249999	1.270832061767578	0.099996455013752	0.099996455013752	18.522271154849005
5292.60937499999999	1.270862579345703	0.099996492266655	0.099996492266655	18.522271154849005
5292.65136718749999	1.270792007446289	0.099996440112591	0.099996440112591	18.522271154849005
5292.69433593749999	1.270830154418945	0.099996499717236	0.099996499717236	18.522271154849005
5292.73632812499999	1.270843505859375	0.099996492266655	0.099996492266655	18.522271154849005
5292.77832031249999	1.270833969116211	0.099996477365494	0.099996477365494	18.522271154849005
5292.82031249999999	1.270833969116211	0.099996492266655	0.099996492266655	18.522271154849005
5292.86328124999999	1.27081298828125	0.099996566772461	0.099996566772461	18.522271154849005
5292.90527343749999	1.270811080932617	0.099996499717236	0.099996499717236	18.522271154849005
5292.94726562499999	1.270851135253906	0.099996492266655	0.099996492266655	18.522271154849005
5292.98925781249999	1.270824432373047	0.099996514618397	0.099996514618397	18.522271154849005
5293.03222656249999	1.270767211914062	0.099996499717236	0.099996499717236	18.522271154849005
5293.07421874999999	1.270729064941406	0.099996574223042	0.099996574223042	18.522271154849005
5293.11621093749999	1.270744323730469	0.099996469914913	0.099996469914913	18.522271154849005
5293.15820312499999	1.270742416381836	0.099996462464333	0.099996462464333	18.522271154849005
5293.20117187499999	1.270708084106445	0.099996507167816	0.099996507167816	18.522271154849005
5293.24316406249999	1.270671844482422	0.099996544420719	0.099996544420719	18.522271154849005
5293.28515624999999	1.270656585693359	0.099996462464333	0.099996462464333	18.522271154849005
5293.32714843749999	1.270702362060547	0.099996492266655	0.099996492266655	18.522271154849005
5293.37011718749999	1.270715713500977	0.099996440112591	0.099996440112591	18.522271154849005
5293.41210937499999	1.270700454711914	0.099996492266655	0.099996492266655	18.522271154849005
5293.45410156249999	1.27061653137207	0.099996522068977	0.099996522068977	18.522271154849005
5293.49609374999999	1.270698547363281	0.099996477365494	0.099996477365494	18.522271154849005
5293.53906249999999	1.270721435546875	0.099996462464333	0.099996462464333	18.522271154849005
5293.58105468749999	1.270767211914062	0.099996440112591	0.099996440112591	18.522271154849005
5293.62304687499999	1.270730972290039	0.099996455013752	0.099996455013752	18.522271154849005
5293.66503906249999	1.27076530456543	0.099996462464333	0.099996462464333	18.522271154849005
5293.70800781249999	1.270744323730469	0.099996507167816	0.099996507167816	18.522271154849005
5293.74999999999999	1.270511627197266	0.099996484816074	0.099996484816074	18.522271154849005
5293.79199218749999	1.270545959472656	0.099996402859688	0.099996402859688	18.522271154849005
5293.83398437499999	1.270513534545898	0.099996440112591	0.099996440112591	18.522271154849005
5293.87695312499999	1.270614624023437	0.09999642521143	0.09999642521143	18.522271154849005
5293.91894531249999	1.270544052124023	0.099996507167816	0.099996507167816	18.522271154849005
5293.96093749999999	1.270256042480469	0.099996484816074	0.099996484816074	18.522271154849005
5294.00292968749999	1.26994514465332	0.099996455013752	0.099996455013752	18.522271154849005
5294.04589843749999	1.269922256469727	0.099996477365494	0.099996477365494	18.522271154849005
5294.08789062499999	1.269948959350586	0.099996469914913	0.099996469914913	18.522271154849005
5294.12988281249999	1.269866943359375	0.099996462464333	0.099996462464333	18.522271154849005
5294.17187499999999	1.269872665405273	0.099996462464333	0.099996462464333	18.522271154849005
5294.21484374999999	1.269853591918945	0.099996395409107	0.099996395409107	18.522271154849005
5294.25683593749999	1.269830703735352	0.099996440112591	0.099996440112591	18.522271154849005
5294.29882812499999	1.269819259643555	0.099996484816074	0.099996484816074	18.522271154849005
5294.34082031249999	1.269807815551758	0.09999643266201	0.09999643266201	18.522271154849005
5294.38378906249999	1.269790649414062	0.09999643266201	0.09999643266201	18.522271154849005
5294.42578124999999	1.269832611083984	0.099996477365494	0.099996477365494	18.522271154849005
5294.46777343749999	1.269853591918945	0.099996477365494	0.099996477365494	18.522271154849005
5294.50976562499999	1.269754409790039	0.099996447563171	0.099996447563171	18.522271154849005
5294.55273437499999	1.269784927368164	0.099996477365494	0.099996477365494	18.522271154849005
5294.59472656249999	1.269763946533203	0.099996514618397	0.099996514618397	18.522271154849005
5294.63671874999999	1.269804000854492	0.099996402859688	0.099996402859688	18.522271154849005
5294.67871093749999	1.269750595092773	0.099996440112591	0.099996440112591	18.522271154849005
5294.72167968749999	1.269783020019531	0.099996477365494	0.099996477365494	18.522271154849005
5294.76367187499999	1.26972770690918	0.09999643266201	0.09999643266201	18.522271154849005
5294.80566406249999	1.269660949707031	0.099996469914913	0.099996469914913	18.522271154849005
5294.84765624999999	1.269683837890625	0.099996529519558	0.099996529519558	18.522271154849005
5294.89062499999999	1.269681930541992	0.099996492266655	0.099996492266655	18.522271154849005
5294.93261718749999	1.269655227661133	0.099996462464333	0.099996462464333	18.522271154849005
5294.97460937499999	1.269664764404297	0.099996522068977	0.099996522068977	18.522271154849005
5295.01660156249999	1.269630432128906	0.099996499717236	0.099996499717236	18.522271154849005
5295.05957031249999	1.269638061523437	0.099996477365494	0.099996477365494	18.522271154849005
5295.10156249999999	1.269704818725586	0.099996507167816	0.099996507167816	18.522271154849005
5295.14355468749999	1.269571304321289	0.099996477365494	0.099996477365494	18.522271154849005
