[INFO]
Keithley 2400
Meas Time: 4/25/2024 7:57:14 PM
Params: GPIB address = GPIB0::24::INSTR; DataFile = C:\Users\mal\Desktop\data\weak_light2; Compliance  Level (0.1) = 0.100000000000000; Number of Points (5) = 1000; Minimum Amplitude (1) = -2.000000000000000; Maximum Amplitude (2) = 5.000000000000000; Timeout (100000 ms) = 100000; Source Mode  (0: Voltage) = 0; 4-wire? = FALSE; delay(S) = 0.000000000000000; Start = ; 

[COMMENT]


[DATA]
time (s)	Voltage (V)	Current (A)	absCurrent (A)	Fitting Resistance (Ohms)

5138.51171874999999	-1.998687744140625	-7.700205060245935E-7	7.700205060245935E-7	17.55793401924722
5138.55371093749999	-1.991714477539062	-7.699952675466193E-7	7.699952675466193E-7	17.55793401924722
5138.59570312499999	-1.984676361083984	-7.70270617067581E-7	7.70270617067581E-7	17.55793401924722
5138.63671874999999	-1.977415084838867	-7.700216428929707E-7	7.700216428929707E-7	17.55793401924722
5138.67871093749999	-1.970645904541016	-7.700691639911383E-7	7.700691639911383E-7	17.55793401924722
5138.72070312499999	-1.963472366333008	-7.697303772147279E-7	7.697303772147279E-7	17.55793401924722
5138.76269531249999	-1.956487655639648	-7.699707111896714E-7	7.699707111896714E-7	17.55793401924722
5138.80468749999999	-1.949493408203125	-7.696485226915684E-7	7.696485226915684E-7	17.55793401924722
5138.84667968749999	-1.942380905151367	-7.697128694417188E-7	7.697128694417188E-7	17.55793401924722
5138.88867187499999	-1.935390472412109	-7.697262844885699E-7	7.697262844885699E-7	17.55793401924722
5138.93066406249999	-1.928676605224609	-7.697065029788064E-7	7.697065029788064E-7	17.55793401924722
5138.97265624999999	-1.921787261962891	-7.69583721194067E-7	7.69583721194067E-7	17.55793401924722
5139.01464843749999	-1.914859771728516	-7.693893167015631E-7	7.693893167015631E-7	17.55793401924722
5139.05664062499999	-1.907690048217773	-7.692144663451472E-7	7.692144663451472E-7	17.55793401924722
5139.09863281249999	-1.900703430175781	-7.690323400311172E-7	7.690323400311172E-7	17.55793401924722
5139.14062499999999	-1.893796920776367	-7.687776815146208E-7	7.687776815146208E-7	17.55793401924722
5139.18261718749999	-1.88667106628418	-7.689145604672376E-7	7.689145604672376E-7	17.55793401924722
5139.22460937499999	-1.879550933837891	-7.686471690249164E-7	7.686471690249164E-7	17.55793401924722
5139.26660156249999	-1.872550964355469	-7.686446679144865E-7	7.686446679144865E-7	17.55793401924722
5139.30859374999999	-1.865571975708008	-7.688572623010259E-7	7.688572623010259E-7	17.55793401924722
5139.35058593749999	-1.858430862426758	-7.688227015023585E-7	7.688227015023585E-7	17.55793401924722
5139.39257812499999	-1.851333618164062	-7.687235665798653E-7	7.687235665798653E-7	17.55793401924722
5139.43457031249999	-1.844688415527344	-7.686601293244166E-7	7.686601293244166E-7	17.55793401924722
5139.47656249999999	-1.837841033935547	-7.686537628615042E-7	7.686537628615042E-7	17.55793401924722
5139.51855468749999	-1.830696105957031	-7.68840891396394E-7	7.68840891396394E-7	17.55793401924722
5139.56054687499999	-1.823583602905273	-7.68953213992063E-7	7.68953213992063E-7	17.55793401924722
5139.70410156249999	-1.818208694458008	-7.692724466323853E-7	7.692724466323853E-7	17.55793401924722
5139.80468749999999	-1.809684753417969	-7.683006515435409E-7	7.683006515435409E-7	17.55793401924722
5139.84667968749999	-1.80259895324707	-7.677524536120472E-7	7.677524536120472E-7	17.55793401924722
5139.88867187499999	-1.795516967773437	-7.673074833292048E-7	7.673074833292048E-7	17.55793401924722
5139.93066406249999	-1.788551330566406	-7.670980721741216E-7	7.670980721741216E-7	17.55793401924722
5139.97265624999999	-1.781715393066406	-7.666358214919455E-7	7.666358214919455E-7	17.55793401924722
5140.01464843749999	-1.774641036987305	-7.660819392185658E-7	7.660819392185658E-7	17.55793401924722
5140.05664062499999	-1.767709732055664	-7.65488493925659E-7	7.65488493925659E-7	17.55793401924722
5140.09863281249999	-1.760982513427734	-7.655753506696783E-7	7.655753506696783E-7	17.55793401924722
5140.14062499999999	-1.75404167175293	-7.656133220734773E-7	7.656133220734773E-7	17.55793401924722
5140.18261718749999	-1.746320724487305	-7.654618912056321E-7	7.654618912056321E-7	17.55793401924722
5140.22460937499999	-1.739355087280273	-7.655592071387218E-7	7.655592071387218E-7	17.55793401924722
5140.26660156249999	-1.732330322265625	-7.629175797774224E-7	7.629175797774224E-7	17.55793401924722
5140.30859374999999	-1.725469589233398	-7.655432909814408E-7	7.655432909814408E-7	17.55793401924722
5140.35058593749999	-1.718759536743164	-7.667322279303335E-7	7.667322279303335E-7	17.55793401924722
5140.39257812499999	-1.711843490600586	-7.619353254995076E-7	7.619353254995076E-7	17.55793401924722
5140.43457031249999	-1.704730987548828	-7.628425464645261E-7	7.628425464645261E-7	17.55793401924722
5140.47656249999999	-1.697853088378906	-7.626661044923821E-7	7.626661044923821E-7	17.55793401924722
5140.51855468749999	-1.690717697143555	-7.629585070390021E-7	7.629585070390021E-7	17.55793401924722
5140.56054687499999	-1.684749603271484	-7.533296866313322E-7	7.533296866313322E-7	17.55793401924722
5140.60253906249999	-1.67796516418457	-7.348567123699468E-7	7.348567123699468E-7	17.55793401924722
5140.64453124999999	-1.670915603637695	-7.304404334718129E-7	7.304404334718129E-7	17.55793401924722
5140.68652343749999	-1.663890838623047	-7.291650945262518E-7	7.291650945262518E-7	17.55793401924722
5140.72851562499999	-1.656896591186523	-7.309608918149024E-7	7.309608918149024E-7	17.55793401924722
5140.77050781249999	-1.649845123291016	-7.324204034375725E-7	7.324204034375725E-7	17.55793401924722
5140.81249999999999	-1.642827987670898	-7.346809525188291E-7	7.346809525188291E-7	17.55793401924722
5140.85351562499999	-1.636081695556641	-7.374505912594032E-7	7.374505912594032E-7	17.55793401924722
5140.89550781249999	-1.628856658935547	-7.414632818836253E-7	7.414632818836253E-7	17.55793401924722
5140.93749999999999	-1.621505737304687	-7.472910965589108E-7	7.472910965589108E-7	17.55793401924722
5140.97949218749999	-1.613908767700195	-7.571811693196651E-7	7.571811693196651E-7	17.55793401924722
5141.02148437499999	-1.606420516967773	-7.64314791013021E-7	7.64314791013021E-7	17.55793401924722
5141.06347656249999	-1.599344253540039	-7.648022801731713E-7	7.648022801731713E-7	17.55793401924722
5141.10546874999999	-1.592369079589844	-7.651331088709412E-7	7.651331088709412E-7	17.55793401924722
5141.14746093749999	-1.5853271484375	-7.653356988157611E-7	7.653356988157611E-7	17.55793401924722
5141.18945312499999	-1.578296661376953	-7.654014098079642E-7	7.654014098079642E-7	17.55793401924722
5141.23144531249999	-1.571250915527344	-7.652452040929347E-7	7.652452040929347E-7	17.55793401924722
5141.27343749999999	-1.564250946044922	-7.652745352970669E-7	7.652745352970669E-7	17.55793401924722
5141.31542968749999	-1.5572509765625	-7.658716185687808E-7	7.658716185687808E-7	17.55793401924722
5141.35742187499999	-1.550394058227539	-7.657579317310592E-7	7.657579317310592E-7	17.55793401924722
5141.39941406249999	-1.543357849121094	-7.661462859687163E-7	7.661462859687163E-7	17.55793401924722
5141.44140624999999	-1.536312103271484	-7.665578323212685E-7	7.665578323212685E-7	17.55793401924722
5141.48339843749999	-1.529268264770508	-7.667147201573243E-7	7.667147201573243E-7	17.55793401924722
5141.52539062499999	-1.522182464599609	-7.668277248740196E-7	7.668277248740196E-7	17.55793401924722
5141.56738281249999	-1.515153884887695	-7.67040319260559E-7	7.67040319260559E-7	17.55793401924722
5141.60937499999999	-1.50811767578125	-7.673893378523644E-7	7.673893378523644E-7	17.55793401924722
5141.65136718749999	-1.501068115234375	-7.675848792132456E-7	7.675848792132456E-7	17.55793401924722
5141.69335937499999	-1.494043350219727	-7.676601398998173E-7	7.676601398998173E-7	17.55793401924722
5141.73535156249999	-1.487005233764648	-7.675164397369372E-7	7.675164397369372E-7	17.55793401924722
5141.77734374999999	-1.480043411254883	-7.677199391764589E-7	7.677199391764589E-7	17.55793401924722
5141.81933593749999	-1.473123550415039	-7.677804205741268E-7	7.677804205741268E-7	17.55793401924722
5141.86132812499999	-1.466264724731445	-7.673183972656261E-7	7.673183972656261E-7	17.55793401924722
5141.90332031249999	-1.459320068359375	-7.67863639339339E-7	7.67863639339339E-7	17.55793401924722
5141.94531249999999	-1.45228385925293	-7.677620033064159E-7	7.677620033064159E-7	17.55793401924722
5141.98632812499999	-1.445178985595703	-7.678042948100483E-7	7.678042948100483E-7	17.55793401924722
5142.02832031249999	-1.438213348388672	-7.677028861508006E-7	7.677028861508006E-7	17.55793401924722
5142.07031249999999	-1.431163787841797	-7.676724180782912E-7	7.676724180782912E-7	17.55793401924722
5142.11230468749999	-1.42418098449707	-7.679566351725953E-7	7.679566351725953E-7	17.55793401924722
5142.15429687499999	-1.41717529296875	-7.683547664782964E-7	7.683547664782964E-7	17.55793401924722
5142.19628906249999	-1.410091400146484	-7.679243481106823E-7	7.679243481106823E-7	17.55793401924722
5142.23828124999999	-1.403194427490234	-7.676999302930199E-7	7.676999302930199E-7	17.55793401924722
5142.28027343749999	-1.396324157714844	-7.674184416828211E-7	7.674184416828211E-7	17.55793401924722
5142.42480468749999	-1.390506744384766	-7.66634002502542E-7	7.66634002502542E-7	17.55793401924722
5142.52539062499999	-1.382253646850586	-7.6610717769654E-7	7.6610717769654E-7	17.55793401924722
5142.56738281249999	-1.375595092773437	-7.659273251192644E-7	7.659273251192644E-7	17.55793401924722
5142.60937499999999	-1.368556976318359	-7.656149136892054E-7	7.656149136892054E-7	17.55793401924722
5142.65136718749999	-1.361474990844727	-7.652774911548477E-7	7.652774911548477E-7	17.55793401924722
5142.69335937499999	-1.354429244995117	-7.650935458514141E-7	7.650935458514141E-7	17.55793401924722
5142.73535156249999	-1.347467422485352	-7.653259217477171E-7	7.653259217477171E-7	17.55793401924722
5142.77734374999999	-1.34033203125	-7.654609817109304E-7	7.654609817109304E-7	17.55793401924722
5142.81933593749999	-1.333358764648437	-7.657524747628486E-7	7.657524747628486E-7	17.55793401924722
5142.86132812499999	-1.326330184936523	-7.655701210751431E-7	7.655701210751431E-7	17.55793401924722
5142.90332031249999	-1.319341659545898	-7.654523415112635E-7	7.654523415112635E-7	17.55793401924722
5142.94531249999999	-1.312389373779297	-7.652354270248907E-7	7.652354270248907E-7	17.55793401924722
5142.98730468749999	-1.305225372314453	-7.652886324649444E-7	7.652886324649444E-7	17.55793401924722
5143.02929687499999	-1.298189163208008	-7.653563898202265E-7	7.653563898202265E-7	17.55793401924722
5143.07128906249999	-1.291458129882812	-7.654919045307906E-7	7.654919045307906E-7	17.55793401924722
5143.11328124999999	-1.284461975097656	-7.657338301214622E-7	7.657338301214622E-7	17.55793401924722
5143.15429687499999	-1.277259826660156	-7.659828042960726E-7	7.659828042960726E-7	17.55793401924722
5143.19628906249999	-1.270238876342773	-7.66273387853289E-7	7.66273387853289E-7	17.55793401924722
5143.23828124999999	-1.263248443603516	-7.663593351026066E-7	7.663593351026066E-7	17.55793401924722
5143.28027343749999	-1.256340026855469	-7.663800261070719E-7	7.663800261070719E-7	17.55793401924722
5143.42480468749999	-1.250503540039062	-7.664684744668193E-7	7.664684744668193E-7	17.55793401924722
5143.52539062499999	-1.241794586181641	-7.662824828003068E-7	7.662824828003068E-7	17.55793401924722
5143.56738281249999	-1.234830856323242	-7.663179530936759E-7	7.663179530936759E-7	17.55793401924722
5143.60937499999999	-1.227851867675781	-7.66251332606771E-7	7.66251332606771E-7	17.55793401924722
5143.65136718749999	-1.220731735229492	-7.661319614271633E-7	7.661319614271633E-7	17.55793401924722
5143.69335937499999	-1.213794708251953	-7.659996299480554E-7	7.659996299480554E-7	17.55793401924722
5143.73535156249999	-1.206764221191406	-7.657624792045681E-7	7.657624792045681E-7	17.55793401924722
5143.77734374999999	-1.199836730957031	-7.65514641898335E-7	7.65514641898335E-7	17.55793401924722
5143.81933593749999	-1.192670822143555	-7.652879503439181E-7	7.652879503439181E-7	17.55793401924722
5143.86132812499999	-1.185665130615234	-7.653568445675774E-7	7.653568445675774E-7	17.55793401924722
5143.90332031249999	-1.178728103637695	-7.653165994270239E-7	7.653165994270239E-7	17.55793401924722
5143.94531249999999	-1.17170524597168	-7.652060958207585E-7	7.652060958207585E-7	17.55793401924722
5143.98730468749999	-1.164926528930664	-7.651067335245898E-7	7.651067335245898E-7	17.55793401924722
5144.02929687499999	-1.157966613769531	-7.65136064728722E-7	7.65136064728722E-7	17.55793401924722
5144.07128906249999	-1.150989532470703	-7.652640761079965E-7	7.652640761079965E-7	17.55793401924722
5144.11328124999999	-1.14390754699707	-7.654159617231926E-7	7.654159617231926E-7	17.55793401924722
5144.15527343749999	-1.136789321899414	-7.655255558347562E-7	7.655255558347562E-7	17.55793401924722
5144.19628906249999	-1.129795074462891	-7.657047262910055E-7	7.657047262910055E-7	17.55793401924722
5144.23828124999999	-1.122758865356445	-7.658366030227626E-7	7.658366030227626E-7	17.55793401924722
5144.28027343749999	-1.115755081176758	-7.658111371711129E-7	7.658111371711129E-7	17.55793401924722
5144.32226562499999	-1.108556747436523	-7.658086360606831E-7	7.658086360606831E-7	17.55793401924722
5144.36425781249999	-1.10163688659668	-7.657006335648475E-7	7.657006335648475E-7	17.55793401924722
5144.40624999999999	-1.094709396362305	-7.655612535018008E-7	7.655612535018008E-7	17.55793401924722
5144.44824218749999	-1.087562561035156	-7.654168712178944E-7	7.654168712178944E-7	17.55793401924722
5144.49023437499999	-1.080921173095703	-7.652938620594796E-7	7.652938620594796E-7	17.55793401924722
5144.53222656249999	-1.073812484741211	-7.651949545106618E-7	7.651949545106618E-7	17.55793401924722
5144.57421874999999	-1.066921234130859	-7.651599389646435E-7	7.651599389646435E-7	17.55793401924722
5144.61621093749999	-1.059890747070312	-7.653650300198933E-7	7.653650300198933E-7	17.55793401924722
5144.65820312499999	-1.052892684936523	-7.652522526768735E-7	7.652522526768735E-7	17.55793401924722
5144.70019531249999	-1.045858383178711	-7.650749012100277E-7	7.650749012100277E-7	17.55793401924722
5144.84374999999999	-1.040103912353516	-7.649296094314195E-7	7.649296094314195E-7	17.55793401924722
5144.94531249999999	-1.031808853149414	-7.646822268725373E-7	7.646822268725373E-7	17.55793401924722
5144.98730468749999	-1.024757385253906	-7.645817277079914E-7	7.645817277079914E-7	17.55793401924722
5145.02929687499999	-1.017704010009766	-7.646017365914304E-7	7.646017365914304E-7	17.55793401924722
5145.07128906249999	-1.010765075683594	-7.644639481441118E-7	7.644639481441118E-7	17.55793401924722
5145.11328124999999	-1.003629684448242	-7.642770469828974E-7	7.642770469828974E-7	17.55793401924722
5145.15527343749999	-0.996971130371094	-7.643570825166535E-7	7.643570825166535E-7	17.55793401924722
5145.19726562499999	-0.989957809448242	-7.643016033398453E-7	7.643016033398453E-7	17.55793401924722
5145.23828124999999	-0.983024597167969	-7.640655894647352E-7	7.640655894647352E-7	17.55793401924722
5145.28027343749999	-0.976045608520508	-7.639011982973898E-7	7.639011982973898E-7	17.55793401924722
5145.32226562499999	-0.968950271606445	-7.635828751517693E-7	7.635828751517693E-7	17.55793401924722
5145.36425781249999	-0.961992263793945	-7.633639143023174E-7	7.633639143023174E-7	17.55793401924722
5145.40624999999999	-0.954938888549805	-7.631717835465679E-7	7.631717835465679E-7	17.55793401924722
5145.44824218749999	-0.947877883911133	-7.629723768332042E-7	7.629723768332042E-7	17.55793401924722
5145.49023437499999	-0.940788269042969	-7.627377272001468E-7	7.627377272001468E-7	17.55793401924722
5145.53222656249999	-0.933858871459961	-7.625535545230377E-7	7.625535545230377E-7	17.55793401924722
5145.57421874999999	-0.926895141601562	-7.624246336490614E-7	7.624246336490614E-7	17.55793401924722
5145.61621093749999	-0.9197998046875	-7.624357749591582E-7	7.624357749591582E-7	17.55793401924722
5145.65820312499999	-0.913112640380859	-7.623812052770518E-7	7.623812052770518E-7	17.55793401924722
5145.70019531249999	-0.906103134155273	-7.62442368795746E-7	7.62442368795746E-7	17.55793401924722
5145.84374999999999	-0.900150299072266	-7.628468665643595E-7	7.628468665643595E-7	17.55793401924722
5145.94531249999999	-0.89201545715332	-7.627650120412E-7	7.627650120412E-7	17.55793401924722
5145.98730468749999	-0.885034561157227	-7.626758815604262E-7	7.626758815604262E-7	17.55793401924722
5146.02929687499999	-0.878021240234375	-7.625576472491957E-7	7.625576472491957E-7	17.55793401924722
5146.07128906249999	-0.871011734008789	-7.626319984410657E-7	7.626319984410657E-7	17.55793401924722
5146.11328124999999	-0.863903045654297	-7.624892077728873E-7	7.624892077728873E-7	17.55793401924722
5146.15527343749999	-0.856908798217773	-7.623734745720867E-7	7.623734745720867E-7	17.55793401924722
5146.19726562499999	-0.849876403808594	-7.622440989507595E-7	7.622440989507595E-7	17.55793401924722
5146.23828124999999	-0.842891693115234	-7.621590611961437E-7	7.621590611961437E-7	17.55793401924722
5146.28027343749999	-0.835855484008789	-7.620449196110712E-7	7.620449196110712E-7	17.55793401924722
5146.32226562499999	-0.829166412353516	-7.617661594849778E-7	7.617661594849778E-7	17.55793401924722
5146.36425781249999	-0.822231292724609	-7.614528385602171E-7	7.614528385602171E-7	17.55793401924722
5146.40624999999999	-0.815143585205078	-7.611283763253596E-7	7.611283763253596E-7	17.55793401924722
5146.44824218749999	-0.808145523071289	-7.608393843838712E-7	7.608393843838712E-7	17.55793401924722
5146.49023437499999	-0.801128387451172	-7.606088274769718E-7	7.606088274769718E-7	17.55793401924722
5146.53222656249999	-0.794200897216797	-7.604071470268536E-7	7.604071470268536E-7	17.55793401924722
5146.57421874999999	-0.787113189697266	-7.603041467518779E-7	7.603041467518779E-7	17.55793401924722
5146.61621093749999	-0.780040740966797	-7.601813649671385E-7	7.601813649671385E-7	17.55793401924722
5146.65820312499999	-0.773021697998047	-7.603512131026946E-7	7.603512131026946E-7	17.55793401924722
5146.70019531249999	-0.766078948974609	-7.604407983308192E-7	7.604407983308192E-7	17.55793401924722
5146.74218749999999	-0.758934020996094	-7.604107850056607E-7	7.604107850056607E-7	17.55793401924722
5146.78417968749999	-0.752038955688477	-7.602814093843335E-7	7.602814093843335E-7	17.55793401924722
5146.82617187499999	-0.744693756103516	-7.600838216603734E-7	7.600838216603734E-7	17.55793401924722
5146.86816406249999	-0.737688064575195	-7.60021066525951E-7	7.60021066525951E-7	17.55793401924722
5146.91015624999999	-0.730564117431641	-7.599398941238178E-7	7.599398941238178E-7	17.55793401924722
5146.95214843749999	-0.723587036132812	-7.598614502057899E-7	7.598614502057899E-7	17.55793401924722
5146.99414062499999	-0.71661376953125	-7.597852800245164E-7	7.597852800245164E-7	17.55793401924722
5147.03613281249999	-0.709678649902344	-7.59670683692093E-7	7.59670683692093E-7	17.55793401924722
5147.07812499999999	-0.702878952026367	-7.596954674227163E-7	7.596954674227163E-7	17.55793401924722
5147.12011718749999	-0.695869445800781	-7.597418516525067E-7	7.597418516525067E-7	17.55793401924722
5147.26367187499999	-0.689682006835937	-7.596718205604702E-7	7.596718205604702E-7	17.55793401924722
5147.36425781249999	-0.681718826293945	-7.595076567668002E-7	7.595076567668002E-7	17.55793401924722
5147.40624999999999	-0.674737930297852	-7.592523161292775E-7	7.592523161292775E-7	17.55793401924722
5147.44824218749999	-0.667707443237305	-7.591229405079503E-7	7.591229405079503E-7	17.55793401924722
5147.49023437499999	-0.660669326782227	-7.5896377893514E-7	7.5896377893514E-7	17.55793401924722
5147.53222656249999	-0.653703689575195	-7.588073458464351E-7	7.588073458464351E-7	17.55793401924722
5147.57421874999999	-0.6466064453125	-7.588619155285414E-7	7.588619155285414E-7	17.55793401924722
5147.61621093749999	-0.639579772949219	-7.588921562273754E-7	7.588921562273754E-7	17.55793401924722
5147.65820312499999	-0.632661819458008	-7.588650987599976E-7	7.588650987599976E-7	17.55793401924722
5147.70019531249999	-0.625646591186523	-7.587702839373378E-7	7.587702839373378E-7	17.55793401924722
5147.74218749999999	-0.618947982788086	-7.587170784972841E-7	7.587170784972841E-7	17.55793401924722
5147.78417968749999	-0.611907958984375	-7.58575424697483E-7	7.58575424697483E-7	17.55793401924722
5147.82617187499999	-0.604942321777344	-7.584167178720236E-7	7.584167178720236E-7	17.55793401924722
5147.86816406249999	-0.597822189331055	-7.582436865050113E-7	7.582436865050113E-7	17.55793401924722
5147.91015624999999	-0.590789794921875	-7.581156751257367E-7	7.581156751257367E-7	17.55793401924722
5147.95214843749999	-0.583765029907227	-7.579399152746191E-7	7.579399152746191E-7	17.55793401924722
5147.99414062499999	-0.576835632324219	-7.579105840704869E-7	7.579105840704869E-7	17.55793401924722
5148.03613281249999	-0.569713592529297	-7.579278644698206E-7	7.579278644698206E-7	17.55793401924722
5148.07812499999999	-0.562734603881836	-7.579753855679883E-7	7.579753855679883E-7	17.55793401924722
5148.12011718749999	-0.55572509765625	-7.578751137771178E-7	7.578751137771178E-7	17.55793401924722
5148.16210937499999	-0.548862457275391	-7.577878022857476E-7	7.577878022857476E-7	17.55793401924722
5148.20410156249999	-0.541688919067383	-7.576061307190685E-7	7.576061307190685E-7	17.55793401924722
5148.24609374999999	-0.534994125366211	-7.57321686251089E-7	7.57321686251089E-7	17.55793401924722
5148.28808593749999	-0.528041839599609	-7.571925380034372E-7	7.571925380034372E-7	17.55793401924722
5148.33007812499999	-0.521028518676758	-7.572964477731148E-7	7.572964477731148E-7	17.55793401924722
5148.37207031249999	-0.513900756835937	-7.572434697067365E-7	7.572434697067365E-7	17.55793401924722
5148.41406249999999	-0.506851196289062	-7.572064077976393E-7	7.572064077976393E-7	17.55793401924722
5148.45507812499999	-0.49989128112793	-7.5720936365542E-7	7.5720936365542E-7	17.55793401924722
5148.49707031249999	-0.492866516113281	-7.572866707050707E-7	7.572866707050707E-7	17.55793401924722
5148.53906249999999	-0.485830307006836	-7.573398761451244E-7	7.573398761451244E-7	17.55793401924722
5148.58105468749999	-0.478656768798828	-7.572839422209654E-7	7.572839422209654E-7	17.55793401924722
5148.62304687499999	-0.471778869628906	-7.572220965812448E-7	7.572220965812448E-7	17.55793401924722
5148.66503906249999	-0.464746475219727	-7.57093403080944E-7	7.57093403080944E-7	17.55793401924722
5148.70703124999999	-0.457738876342773	-7.569094577775104E-7	7.569094577775104E-7	17.55793401924722
5148.74902343749999	-0.451120376586914	-7.568287401227281E-7	7.568287401227281E-7	17.55793401924722
5148.79101562499999	-0.444120407104492	-7.568046385131311E-7	7.568046385131311E-7	17.55793401924722
5148.83300781249999	-0.437042236328125	-7.56772806198569E-7	7.56772806198569E-7	17.55793401924722
5148.87499999999999	-0.429998397827148	-7.568007731606485E-7	7.568007731606485E-7	17.55793401924722
5148.91699218749999	-0.423017501831055	-7.568644377897726E-7	7.568644377897726E-7	17.55793401924722
5148.95898437499999	-0.416038513183594	-7.568460205220617E-7	7.568460205220617E-7	17.55793401924722
5149.10253906249999	-0.409534454345703	-7.569151421193965E-7	7.569151421193965E-7	17.55793401924722
5149.20410156249999	-0.402053833007812	-7.566704880446196E-7	7.566704880446196E-7	17.55793401924722
5149.24609374999999	-0.395029067993164	-7.564851784991333E-7	7.564851784991333E-7	17.55793401924722
5149.28808593749999	-0.387985229492187	-7.562966857221909E-7	7.562966857221909E-7	17.55793401924722
5149.33007812499999	-0.381057739257812	-7.561036454717396E-7	7.561036454717396E-7	17.55793401924722
5149.37207031249999	-0.374015808105469	-7.559342520835344E-7	7.559342520835344E-7	17.55793401924722
5149.41406249999999	-0.367307662963867	-7.559710866189562E-7	7.559710866189562E-7	17.55793401924722
5149.45605468749999	-0.360370635986328	-7.559833647974301E-7	7.559833647974301E-7	17.55793401924722
5149.49804687499999	-0.353288650512695	-7.559706318716053E-7	7.559706318716053E-7	17.55793401924722
5149.53906249999999	-0.346282958984375	-7.559606274298858E-7	7.559606274298858E-7	17.55793401924722
5149.58105468749999	-0.339221954345703	-7.558624020020943E-7	7.558624020020943E-7	17.55793401924722
5149.62304687499999	-0.332157135009766	-7.556911896244856E-7	7.556911896244856E-7	17.55793401924722
5149.66503906249999	-0.325107574462891	-7.55533392293728E-7	7.55533392293728E-7	17.55793401924722
5149.70703124999999	-0.318109512329102	-7.554053809144534E-7	7.554053809144534E-7	17.55793401924722
5149.74902343749999	-0.31114387512207	-7.552155238954583E-7	7.552155238954583E-7	17.55793401924722
5149.79101562499999	-0.304067611694336	-7.551764156232821E-7	7.551764156232821E-7	17.55793401924722
5149.83300781249999	-0.296981811523437	-7.552000624855282E-7	7.552000624855282E-7	17.55793401924722
5149.87499999999999	-0.290138244628906	-7.552198439952917E-7	7.552198439952917E-7	17.55793401924722
5149.91699218749999	-0.283113479614258	-7.552496299467748E-7	7.552496299467748E-7	17.55793401924722
5149.95898437499999	-0.276342391967773	-7.55276914787828E-7	7.55276914787828E-7	17.55793401924722
5150.00097656249999	-0.269327163696289	-7.552641818620032E-7	7.552641818620032E-7	17.55793401924722
5150.04296874999999	-0.262258529663086	-7.55150722397957E-7	7.55150722397957E-7	17.55793401924722
5150.08496093749999	-0.25526237487793	-7.549567726528039E-7	7.549567726528039E-7	17.55793401924722
5150.12695312499999	-0.24751091003418	-7.54778284317581E-7	7.54778284317581E-7	17.55793401924722
5150.16894531249999	-0.240522384643555	-7.546293545601657E-7	7.546293545601657E-7	17.55793401924722
5150.21093749999999	-0.23382568359375	-7.545686457888223E-7	7.545686457888223E-7	17.55793401924722
5150.25292968749999	-0.226840972900391	-7.546166216343408E-7	7.546166216343408E-7	17.55793401924722
5150.29492187499999	-0.219766616821289	-7.546702818217454E-7	7.546702818217454E-7	17.55793401924722
5150.33691406249999	-0.212701797485352	-7.548105713794939E-7	7.548105713794939E-7	17.55793401924722
5150.37890624999999	-0.205814361572266	-7.549247129645664E-7	7.549247129645664E-7	17.55793401924722
5150.42089843749999	-0.198726654052734	-7.549431302322773E-7	7.549431302322773E-7	17.55793401924722
5150.46289062499999	-0.191703796386719	-7.548417215730296E-7	7.548417215730296E-7	17.55793401924722
5150.50488281249999	-0.18464469909668	-7.546718734374736E-7	7.546718734374736E-7	17.55793401924722
5150.54687499999999	-0.177755355834961	-7.545493190264096E-7	7.545493190264096E-7	17.55793401924722
5150.58886718749999	-0.170551300048828	-7.544297204731265E-7	7.544297204731265E-7	17.55793401924722
5150.63085937499999	-0.163536071777344	-7.543492301920196E-7	7.543492301920196E-7	17.55793401924722
5150.67187499999999	-0.156486511230469	-7.544506388512673E-7	7.544506388512673E-7	17.55793401924722
5150.71386718749999	-0.149898529052734	-7.545729658886557E-7	7.545729658886557E-7	17.55793401924722
5150.75585937499999	-0.142839431762695	-7.546429969806923E-7	7.546429969806923E-7	17.55793401924722
5150.79785156249999	-0.135791778564453	-7.546223059762269E-7	7.546223059762269E-7	17.55793401924722
5150.83984374999999	-0.128807067871094	-7.546041160821915E-7	7.546041160821915E-7	17.55793401924722
5150.88183593749999	-0.121759414672852	-7.5448792813404E-7	7.5448792813404E-7	17.55793401924722
5150.92382812499999	-0.114727020263672	-7.543344509031158E-7	7.543344509031158E-7	17.55793401924722
5150.96582031249999	-0.107715606689453	-7.541100330854533E-7	7.541100330854533E-7	17.55793401924722
5151.00781249999999	-0.100725173950195	-7.539588295912836E-7	7.539588295912836E-7	17.55793401924722
5151.04980468749999	-0.093597412109375	-7.538919817307033E-7	7.538919817307033E-7	17.55793401924722
5151.09179687499999	-0.086601257324219	-7.538712907262379E-7	7.538712907262379E-7	17.55793401924722
5151.13378906249999	-0.079580307006836	-7.538315003330354E-7	7.538315003330354E-7	17.55793401924722
5151.17578124999999	-0.072540283203125	-7.538551471952815E-7	7.538551471952815E-7	17.55793401924722
5151.21777343749999	-0.065912246704102	-7.538162662967807E-7	7.538162662967807E-7	17.55793401924722
5151.25976562499999	-0.058771133422852	-7.537025794590591E-7	7.537025794590591E-7	17.55793401924722
5151.30175781249999	-0.051876068115234	-7.535725217167055E-7	7.535725217167055E-7	17.55793401924722
5151.34374999999999	-0.044868469238281	-7.533255939051742E-7	7.533255939051742E-7	17.55793401924722
5151.38574218749999	-0.037811279296875	-7.530270522693172E-7	7.530270522693172E-7	17.55793401924722
5151.42773437499999	-0.030799865722656	-7.527723937528208E-7	7.527723937528208E-7	17.55793401924722
5151.46972656249999	-0.023761749267578	-7.525886758230627E-7	7.525886758230627E-7	17.55793401924722
5151.51171874999999	-0.016805648803711	-7.525038654421223E-7	7.525038654421223E-7	17.55793401924722
5151.55371093749999	-0.009759902954102	-7.524470220232615E-7	7.524470220232615E-7	17.55793401924722
5151.59570312499999	-0.00267219543457	-7.524135980929714E-7	7.524135980929714E-7	17.55793401924722
5151.63769531249999	0.00471305847168	-7.524290595029015E-7	7.524290595029015E-7	17.55793401924722
5151.67968749999999	0.011758804321289	-7.520673079852713E-7	7.520673079852713E-7	17.55793401924722
5151.72167968749999	0.018747329711914	-7.51612105887034E-7	7.51612105887034E-7	17.55793401924722
5151.76367187499999	0.02546501159668	-7.511544026783668E-7	7.511544026783668E-7	17.55793401924722
5151.80566406249999	0.032400131225586	-7.505718713218812E-7	7.505718713218812E-7	17.55793401924722
5151.84765624999999	0.039491653442383	-7.500295851059491E-7	7.500295851059491E-7	17.55793401924722
5151.88964843749999	0.046422958374023	-7.49483206163859E-7	7.49483206163859E-7	17.55793401924722
5151.93164062499999	0.053403854370117	-7.489270501537248E-7	7.489270501537248E-7	17.55793401924722
5151.97363281249999	0.060287475585937	-7.481219199689804E-7	7.481219199689804E-7	17.55793401924722
5152.01562499999999	0.067384719848633	-7.472704055544455E-7	7.472704055544455E-7	17.55793401924722
5152.05761718749999	0.074289321899414	-7.461369477823609E-7	7.461369477823609E-7	17.55793401924722
5152.09960937499999	0.081333160400391	-7.445059964084066E-7	7.445059964084066E-7	17.55793401924722
5152.14160156249999	0.088289260864258	-7.42493739380734E-7	7.42493739380734E-7	17.55793401924722
5152.18359374999999	0.095327377319336	-7.397470653813798E-7	7.397470653813798E-7	17.55793401924722
5152.22558593749999	0.102371215820312	-7.358232778642559E-7	7.358232778642559E-7	17.55793401924722
5152.26757812499999	0.109073638916016	-7.3227033681178E-7	7.3227033681178E-7	17.55793401924722
5152.30957031249999	0.116128921508789	-7.269243269547587E-7	7.269243269547587E-7	17.55793401924722
5152.35156249999999	0.123136520385742	-7.200835625553736E-7	7.200835625553736E-7	17.55793401924722
5152.39355468749999	0.13011360168457	-7.111225386324804E-7	7.111225386324804E-7	17.55793401924722
5152.43554687499999	0.137151718139648	-7.000203368079383E-7	7.000203368079383E-7	17.55793401924722
5152.47656249999999	0.144195556640625	-6.852790193079272E-7	6.852790193079272E-7	17.55793401924722
5152.51855468749999	0.151187896728516	-6.656582627329044E-7	6.656582627329044E-7	17.55793401924722
5152.56054687499999	0.158285140991211	-6.409293291653739E-7	6.409293291653739E-7	17.55793401924722
5152.60253906249999	0.165287017822266	-6.087722113079508E-7	6.087722113079508E-7	17.55793401924722
5152.64453124999999	0.172374725341797	-5.667233153872075E-7	5.667233153872075E-7	17.55793401924722
5152.68652343749999	0.179441452026367	-5.140059329278301E-7	5.140059329278301E-7	17.55793401924722
5152.72851562499999	0.186502456665039	-4.454992676983238E-7	4.454992676983238E-7	17.55793401924722
5152.77050781249999	0.193563461303711	-3.579438043743721E-7	3.579438043743721E-7	17.55793401924722
5152.81249999999999	0.200326919555664	-2.507190401956905E-7	2.507190401956905E-7	17.55793401924722
5152.85449218749999	0.20738410949707	-1.101514044421492E-7	1.101514044421492E-7	17.55793401924722
5152.89648437499999	0.214405059814453	6.857874268462183E-8	6.857874268462183E-8	17.55793401924722
5152.93847656249999	0.221561431884766	2.995908516822965E-7	2.995908516822965E-7	17.55793401924722
5152.98046874999999	0.228700637817383	5.877373041585088E-7	5.877373041585088E-7	17.55793401924722
5153.02246093749999	0.235107421875	9.203937452184618E-7	9.203937452184618E-7	17.55793401924722
5153.16601562499999	0.242572784423828	1.428797986591235E-6	1.428797986591235E-6	17.55793401924722
5153.20800781249999	0.249637603759766	1.988504664041102E-6	1.988504664041102E-6	17.55793401924722
5153.24999999999999	0.257015228271484	2.716498784138821E-6	2.716498784138821E-6	17.55793401924722
5153.29199218749999	0.264102935791016	3.577347342798021E-6	3.577347342798021E-6	17.55793401924722
5153.33398437499999	0.271200180053711	4.622239430318587E-6	4.622239430318587E-6	17.55793401924722
5153.37597656249999	0.278244018554687	5.872440397070022E-6	5.872440397070022E-6	17.55793401924722
5153.41796874999999	0.285375595092773	7.391776307485998E-6	7.391776307485998E-6	17.55793401924722
5153.45996093749999	0.292453765869141	9.182916073768865E-6	9.182916073768865E-6	17.55793401924722
5153.59960937499999	0.299087524414062	1.129256270360202E-5	1.129256270360202E-5	17.55793401924722
5153.64160156249999	0.306161880493164	1.381366018904373E-5	1.381366018904373E-5	17.55793401924722
5153.68261718749999	0.31321907043457	1.67777034221217E-5	1.67777034221217E-5	17.55793401924722
5153.72460937499999	0.3201904296875	2.021164982579648E-5	2.021164982579648E-5	17.55793401924722
5153.76660156249999	0.326953887939453	2.407976717222482E-5	2.407976717222482E-5	17.55793401924722
5153.80859374999999	0.333999633789062	2.874916390283033E-5	2.874916390283033E-5	17.55793401924722
5153.85058593749999	0.341022491455078	3.413761442061514E-5	3.413761442061514E-5	17.55793401924722
5153.89257812499999	0.348152160644531	4.043715307489038E-5	4.043715307489038E-5	17.55793401924722
5153.93457031249999	0.355192184448242	4.75848646601662E-5	4.75848646601662E-5	17.55793401924722
5153.97656249999999	0.362281799316406	5.584560130955651E-5	5.584560130955651E-5	17.55793401924722
5154.01855468749999	0.369335174560547	6.521128671010956E-5	6.521128671010956E-5	17.55793401924722
5154.06054687499999	0.37641716003418	7.585784624097869E-5	7.585784624097869E-5	17.55793401924722
5154.10253906249999	0.383468627929687	8.786981197772548E-5	8.786981197772548E-5	17.55793401924722
5154.14453124999999	0.390512466430664	0.0001013653673	0.0001013653673	17.55793401924722
5154.28027343749999	0.39716911315918	0.000116322305985	0.000116322305985	17.55793401924722
5154.32226562499999	0.404212951660156	0.000133301480673	0.000133301480673	17.55793401924722
5154.36425781249999	0.410905838012695	0.000151245272718	0.000151245272718	17.55793401924722
5154.40527343749999	0.417922973632812	0.000172011204995	0.000172011204995	17.55793401924722
5154.44726562499999	0.424955368041992	0.000195065862499	0.000195065862499	17.55793401924722
5154.48925781249999	0.432004928588867	0.000220473739319	0.000220473739319	17.55793401924722
5154.53124999999999	0.439046859741211	0.00024835660588	0.00024835660588	17.55793401924722
5154.57324218749999	0.446083068847656	0.000278696301393	0.000278696301393	17.55793401924722
5154.61523437499999	0.453151702880859	0.000312030257192	0.000312030257192	17.55793401924722
5154.65722656249999	0.460184097290039	0.000347803055774	0.000347803055774	17.55793401924722
5154.69921874999999	0.46723747253418	0.000386784202419	0.000386784202419	17.55793401924722
5154.74121093749999	0.474212646484375	0.000428254134022	0.000428254134022	17.55793401924722
5154.78320312499999	0.481246948242187	0.000473216059618	0.000473216059618	17.55793401924722
5154.82519531249999	0.488313674926758	0.000521649140865	0.000521649140865	17.55793401924722
5154.86718749999999	0.495386123657227	0.000573282304686	0.000573282304686	17.55793401924722
5154.90917968749999	0.502084732055664	0.000625579094049	0.000625579094049	17.55793401924722
5154.95117187499999	0.509109497070312	0.000683649850544	0.000683649850544	17.55793401924722
5154.99316406249999	0.516208648681641	0.000745941244531	0.000745941244531	17.55793401924722
5155.03515624999999	0.523277282714844	0.000811906589661	0.000811906589661	17.55793401924722
5155.07714843749999	0.530342102050781	0.000881618994754	0.000881618994754	17.55793401924722
5155.11914062499999	0.537372589111328	0.00095496349968	0.00095496349968	17.55793401924722
5155.16113281249999	0.544466018676758	0.001033213338815	0.001033213338815	17.55793401924722
5155.29589843749999	0.551130294799805	0.001112652011216	0.001112652011216	17.55793401924722
5155.33789062499999	0.558103561401367	0.00119811668992	0.00119811668992	17.55793401924722
5155.37988281249999	0.565122604370117	0.001289146021008	0.001289146021008	17.55793401924722
5155.42187499999999	0.572154998779297	0.001385160721838	0.001385160721838	17.55793401924722
5155.46289062499999	0.579189300537109	0.001486273482442	0.001486273482442	17.55793401924722
5155.50488281249999	0.585901260375977	0.001587950624526	0.001587950624526	17.55793401924722
5155.54687499999999	0.592912673950195	0.001700231805444	0.001700231805444	17.55793401924722
5155.58886718749999	0.599910736083984	0.001818246208131	0.001818246208131	17.55793401924722
5155.63085937499999	0.60699462890625	0.001944673247635	0.001944673247635	17.55793401924722
5155.67285156249999	0.614023208618164	0.002077027224004	0.002077027224004	17.55793401924722
5155.71484374999999	0.621067047119141	0.002217061817646	0.002217061817646	17.55793401924722
5155.75683593749999	0.62809944152832	0.002365571446717	0.002365571446717	17.55793401924722
5155.79882812499999	0.635160446166992	0.002523283474147	0.002523283474147	17.55793401924722
5155.84082031249999	0.642107009887695	0.002687698230147	0.002687698230147	17.55793401924722
5155.88281249999999	0.649188995361328	0.00286562461406	0.00286562461406	17.55793401924722
5155.92480468749999	0.656211853027344	0.003052862361073	0.003052862361073	17.55793401924722
5155.96679687499999	0.663249969482422	0.003252266906202	0.003252266906202	17.55793401924722
5156.00878906249999	0.66998291015625	0.003455244936049	0.003455244936049	17.55793401924722
5156.05078124999999	0.676992416381836	0.003680253401399	0.003680253401399	17.55793401924722
5156.09277343749999	0.684022903442383	0.003920093178749	0.003920093178749	17.55793401924722
5156.13476562499999	0.691110610961914	0.004178043454885	0.004178043454885	17.55793401924722
5156.17675781249999	0.69816780090332	0.004452564753592	0.004452564753592	17.55793401924722
5156.21874999999999	0.705205917358398	0.004743761382997	0.004743761382997	17.55793401924722
5156.26074218749999	0.712284088134766	0.005056261550635	0.005056261550635	17.55793401924722
5156.30273437499999	0.719287872314453	0.005387314595282	0.005387314595282	17.55793401924722
5156.34472656249999	0.726341247558594	0.005743809975684	0.005743809975684	17.55793401924722
5156.38671874999999	0.733327865600586	0.006119435187429	0.006119435187429	17.55793401924722
5156.42871093749999	0.740381240844727	0.00652475329116	0.00652475329116	17.55793401924722
5156.47070312499999	0.747411727905273	0.00695550115779	0.00695550115779	17.55793401924722
5156.51269531249999	0.754804611206055	0.00743862753734	0.00743862753734	17.55793401924722
5156.55468749999999	0.761852264404297	0.007930804975331	0.007930804975331	17.55793401924722
5156.59667968749999	0.768861770629883	0.008453521877527	0.008453521877527	17.55793401924722
5156.63769531249999	0.775964736938477	0.009010937996209	0.009010937996209	17.55793401924722
5156.67968749999999	0.783012390136719	0.009603961370885	0.009603961370885	17.55793401924722
5156.72167968749999	0.790082931518555	0.01023358758539	0.01023358758539	17.55793401924722
5156.81054687499999	0.796735763549805	0.010882973670959	0.010882973670959	17.55793401924722
5156.85253906249999	0.803436279296875	0.011548839509487	0.011548839509487	17.55793401924722
5156.89453124999999	0.810489654541016	0.012289755046368	0.012289755046368	17.55793401924722
5156.93652343749999	0.817470550537109	0.013062804937363	0.013062804937363	17.55793401924722
5156.97851562499999	0.824506759643555	0.013882644474506	0.013882644474506	17.55793401924722
5157.02050781249999	0.831550598144531	0.014742568135262	0.014742568135262	17.55793401924722
5157.06249999999999	0.838586807250977	0.015649013221264	0.015649013221264	17.55793401924722
5157.10449218749999	0.845582962036133	0.01659083366394	0.01659083366394	17.55793401924722
5157.14648437499999	0.852643966674805	0.017581559717655	0.017581559717655	17.55793401924722
5157.18847656249999	0.859683990478516	0.018614791333675	0.018614791333675	17.55793401924722
5157.22949218749999	0.866716384887695	0.01968789100647	0.01968789100647	17.55793401924722
5157.27148437499999	0.873783111572266	0.02080612629652	0.02080612629652	17.55793401924722
5157.31347656249999	0.880832672119141	0.021967247128487	0.021967247128487	17.55793401924722
5157.35546874999999	0.887506484985352	0.023107498884201	0.023107498884201	17.55793401924722
5157.39746093749999	0.894535064697266	0.024342209100723	0.024342209100723	17.55793401924722
5157.43945312499999	0.901521682739258	0.025612823665142	0.025612823665142	17.55793401924722
5157.48144531249999	0.908552169799805	0.026934668421745	0.026934668421745	17.55793401924722
5157.52343749999999	0.915599822998047	0.028294697403908	0.028294697403908	17.55793401924722
5157.56542968749999	0.922592163085937	0.029686905443668	0.029686905443668	17.55793401924722
5157.60742187499999	0.929672241210937	0.031130246818066	0.031130246818066	17.55793401924722
5157.64941406249999	0.936689376831055	0.032598197460175	0.032598197460175	17.55793401924722
5157.69140624999999	0.943733215332031	0.034109368920326	0.034109368920326	17.55793401924722
5157.73339843749999	0.950778961181641	0.035659678280354	0.035659678280354	17.55793401924722
5157.77539062499999	0.957820892333984	0.037245132029057	0.037245132029057	17.55793401924722
5157.81738281249999	0.964866638183594	0.038862176239491	0.038862176239491	17.55793401924722
5157.85937499999999	0.971563339233398	0.040438309311867	0.040438309311867	17.55793401924722
5157.90136718749999	0.978614807128906	0.042118184268475	0.042118184268475	17.55793401924722
5157.94335937499999	0.985563278198242	0.043810456991196	0.043810456991196	17.55793401924722
5157.98535156249999	0.992635726928711	0.045566521584988	0.045566521584988	17.55793401924722
5158.02734374999999	0.999658584594727	0.047341920435429	0.047341920435429	17.55793401924722
5158.06933593749999	1.006689071655273	0.049146212637424	0.049146212637424	17.55793401924722
5158.11132812499999	1.013706207275391	0.050975017249584	0.050975017249584	17.55793401924722
5158.15332031249999	1.020788192749023	0.052845567464828	0.052845567464828	17.55793401924722
5158.19531249999999	1.027809143066406	0.054733619093895	0.054733619093895	17.55793401924722
5158.23730468749999	1.034883499145508	0.056666485965252	0.056666485965252	17.55793401924722
5158.27929687499999	1.04193115234375	0.05860860645771	0.05860860645771	17.55793401924722
5158.32128906249999	1.048942565917969	0.060576371848583	0.060576371848583	17.55793401924722
5158.36230468749999	1.05601692199707	0.06257726252079	0.06257726252079	17.55793401924722
5158.40429687499999	1.062709808349609	0.064497299492359	0.064497299492359	17.55793401924722
5158.44628906249999	1.069738388061523	0.066531717777252	0.066531717777252	17.55793401924722
5158.48828124999999	1.076730728149414	0.068579122424126	0.068579122424126	17.55793401924722
5158.53027343749999	1.083786010742187	0.070668816566467	0.070668816566467	17.55793401924722
5158.57226562499999	1.090791702270508	0.072773076593876	0.072773076593876	17.55793401924722
5158.61425781249999	1.097862243652344	0.074905075132847	0.074905075132847	17.55793401924722
5158.65624999999999	1.104852676391602	0.077046029269695	0.077046029269695	17.55793401924722
5158.69824218749999	1.111896514892578	0.079220987856388	0.079220987856388	17.55793401924722
5158.74023437499999	1.118946075439453	0.081409111618996	0.081409111618996	17.55793401924722
5158.78222656249999	1.125999450683594	0.083623595535755	0.083623595535755	17.55793401924722
5158.82421874999999	1.133056640625	0.085847616195679	0.085847616195679	17.55793401924722
5158.86621093749999	1.140079498291016	0.088101103901863	0.088101103901863	17.55793401924722
5158.90820312499999	1.146785736083984	0.090260185301304	0.090260185301304	17.55793401924722
5158.95019531249999	1.15382194519043	0.092533737421036	0.092533737421036	17.55793401924722
5158.99218749999999	1.16081428527832	0.094817325472832	0.094817325472832	17.55793401924722
5159.03417968749999	1.1678466796875	0.097124561667442	0.097124561667442	17.55793401924722
5159.07617187499999	1.174917221069336	0.099459700286388	0.099459700286388	17.55793401924722
5159.11816406249999	1.176462173461914	0.099996745586395	0.099996745586395	17.55793401924722
5159.16015624999999	1.17643928527832	0.099996298551559	0.099996298551559	17.55793401924722
5159.20214843749999	1.176441192626953	0.099996395409107	0.099996395409107	17.55793401924722
5159.24414062499999	1.176412582397461	0.099996335804462	0.099996335804462	17.55793401924722
5159.28710937499999	1.17643928527832	0.099996380507946	0.099996380507946	17.55793401924722
5159.32910156249999	1.176431655883789	0.099996283650398	0.099996283650398	17.55793401924722
5159.37109374999999	1.176410675048828	0.099996231496334	0.099996231496334	17.55793401924722
5159.41406249999999	1.176433563232422	0.099996402859688	0.099996402859688	17.55793401924722
5159.45605468749999	1.17637825012207	0.099996298551559	0.099996298551559	17.55793401924722
5159.49804687499999	1.17640495300293	0.099996350705624	0.099996350705624	17.55793401924722
5159.54003906249999	1.176395416259766	0.099996365606785	0.099996365606785	17.55793401924722
5159.58300781249999	1.176385879516602	0.099996261298656	0.099996261298656	17.55793401924722
5159.62499999999999	1.1763916015625	0.099996380507946	0.099996380507946	17.55793401924722
5159.66699218749999	1.176374435424805	0.09999630600214	0.09999630600214	17.55793401924722
5159.70898437499999	1.176372528076172	0.099996350705624	0.099996350705624	17.55793401924722
5159.75195312499999	1.176364898681641	0.099996358156204	0.099996358156204	17.55793401924722
5159.79394531249999	1.176345825195312	0.099996343255043	0.099996343255043	17.55793401924722
5159.83593749999999	1.176359176635742	0.099996358156204	0.099996358156204	17.55793401924722
5159.87792968749999	1.176351547241211	0.099996358156204	0.099996358156204	17.55793401924722
5159.92089843749999	1.176334381103516	0.099996261298656	0.099996261298656	17.55793401924722
5159.96289062499999	1.176332473754883	0.099996320903301	0.099996320903301	17.55793401924722
5160.00488281249999	1.176324844360352	0.099996283650398	0.099996283650398	17.55793401924722
5160.04687499999999	1.176338195800781	0.099996365606785	0.099996365606785	17.55793401924722
5160.08984374999999	1.176338195800781	0.099996291100979	0.099996291100979	17.55793401924722
5160.13183593749999	1.176328659057617	0.099996343255043	0.099996343255043	17.55793401924722
5160.17382812499999	1.176319122314453	0.099996283650398	0.099996283650398	17.55793401924722
5160.21582031249999	1.17633056640625	0.099996320903301	0.099996320903301	17.55793401924722
5160.25878906249999	1.176315307617187	0.099996380507946	0.099996380507946	17.55793401924722
5160.30078124999999	1.176305770874023	0.099996298551559	0.099996298551559	17.55793401924722
5160.34277343749999	1.176294326782227	0.099996320903301	0.099996320903301	17.55793401924722
5160.38476562499999	1.176301956176758	0.099996350705624	0.099996350705624	17.55793401924722
5160.42773437499999	1.176292419433594	0.099996335804462	0.099996335804462	17.55793401924722
5160.46972656249999	1.17628288269043	0.099996298551559	0.099996298551559	17.55793401924722
5160.51171874999999	1.176292419433594	0.099996276199818	0.099996276199818	17.55793401924722
5160.55468749999999	1.176275253295898	0.099996298551559	0.099996298551559	17.55793401924722
5160.59667968749999	1.176288604736328	0.099996350705624	0.099996350705624	17.55793401924722
5160.63867187499999	1.176280975341797	0.099996343255043	0.099996343255043	17.55793401924722
5160.68066406249999	1.17628288269043	0.09999630600214	0.09999630600214	17.55793401924722
5160.72363281249999	1.176279067993164	0.099996276199818	0.099996276199818	17.55793401924722
5160.76562499999999	1.176277160644531	0.09999643266201	0.09999643266201	17.55793401924722
5160.80761718749999	1.17626953125	0.099996328353882	0.099996328353882	17.55793401924722
5160.84960937499999	1.176265716552734	0.099996238946915	0.099996238946915	17.55793401924722
5160.89257812499999	1.176248550415039	0.099996313452721	0.099996313452721	17.55793401924722
5160.93457031249999	1.176240921020508	0.099996261298656	0.099996261298656	17.55793401924722
5160.97656249999999	1.176233291625977	0.099996335804462	0.099996335804462	17.55793401924722
5161.01855468749999	1.176246643066406	0.099996268749237	0.099996268749237	17.55793401924722
5161.06152343749999	1.176242828369141	0.099996216595173	0.099996216595173	17.55793401924722
5161.10351562499999	1.176231384277344	0.099996320903301	0.099996320903301	17.55793401924722
5161.14550781249999	1.176216125488281	0.099996343255043	0.099996343255043	17.55793401924722
5161.18847656249999	1.176218032836914	0.099996358156204	0.099996358156204	17.55793401924722
5161.23046874999999	1.176218032836914	0.099996268749237	0.099996268749237	17.55793401924722
5161.27246093749999	1.17620849609375	0.099996350705624	0.099996350705624	17.55793401924722
5161.31445312499999	1.17620849609375	0.099996358156204	0.099996358156204	17.55793401924722
5161.35742187499999	1.176193237304687	0.099996276199818	0.099996276199818	17.55793401924722
5161.39941406249999	1.176200866699219	0.099996201694012	0.099996201694012	17.55793401924722
5161.44140624999999	1.176187515258789	0.099996291100979	0.099996291100979	17.55793401924722
5161.48339843749999	1.176172256469727	0.099996238946915	0.099996238946915	17.55793401924722
5161.52636718749999	1.176156997680664	0.09999630600214	0.09999630600214	17.55793401924722
5161.56835937499999	1.176176071166992	0.099996343255043	0.099996343255043	17.55793401924722
5161.61035156249999	1.176185607910156	0.099996298551559	0.099996298551559	17.55793401924722
5161.65332031249999	1.176185607910156	0.099996320903301	0.099996320903301	17.55793401924722
5161.69531249999999	1.176181793212891	0.099996276199818	0.099996276199818	17.55793401924722
5161.73730468749999	1.176185607910156	0.099996320903301	0.099996320903301	17.55793401924722
5161.77929687499999	1.176177978515625	0.099996298551559	0.099996298551559	17.55793401924722
5161.82226562499999	1.176202774047852	0.09999630600214	0.09999630600214	17.55793401924722
5161.86425781249999	1.176158905029297	0.099996313452721	0.099996313452721	17.55793401924722
5161.90624999999999	1.176170349121094	0.099996313452721	0.099996313452721	17.55793401924722
5161.94824218749999	1.176156997680664	0.099996343255043	0.099996343255043	17.55793401924722
5161.99121093749999	1.176145553588867	0.099996246397495	0.099996246397495	17.55793401924722
5162.03320312499999	1.176158905029297	0.099996320903301	0.099996320903301	17.55793401924722
5162.07519531249999	1.176130294799805	0.099996343255043	0.099996343255043	17.55793401924722
5162.11718749999999	1.176137924194336	0.099996320903301	0.099996320903301	17.55793401924722
5162.16015624999999	1.176132202148437	0.099996313452721	0.099996313452721	17.55793401924722
5162.20214843749999	1.176143646240234	0.099996350705624	0.099996350705624	17.55793401924722
5162.24414062499999	1.176130294799805	0.099996313452721	0.099996313452721	17.55793401924722
5162.28613281249999	1.176132202148437	0.099996313452721	0.099996313452721	17.55793401924722
5162.32910156249999	1.176139831542969	0.099996283650398	0.099996283650398	17.55793401924722
5162.37109374999999	1.176145553588867	0.099996313452721	0.099996313452721	17.55793401924722
5162.41308593749999	1.176130294799805	0.099996291100979	0.099996291100979	17.55793401924722
5162.45507812499999	1.176128387451172	0.099996291100979	0.099996291100979	17.55793401924722
5162.49804687499999	1.176109313964844	0.099996298551559	0.099996298551559	17.55793401924722
5162.54003906249999	1.176095962524414	0.099996246397495	0.099996246397495	17.55793401924722
5162.58203124999999	1.17609977722168	0.099996313452721	0.099996313452721	17.55793401924722
5162.62402343749999	1.176103591918945	0.09999630600214	0.09999630600214	17.55793401924722
5162.66699218749999	1.176105499267578	0.099996261298656	0.099996261298656	17.55793401924722
5162.70898437499999	1.176116943359375	0.099996276199818	0.099996276199818	17.55793401924722
5162.75097656249999	1.176095962524414	0.099996328353882	0.099996328353882	17.55793401924722
5162.79296874999999	1.176082611083984	0.099996253848076	0.099996253848076	17.55793401924722
5162.83593749999999	1.176107406616211	0.099996373057365	0.099996373057365	17.55793401924722
5162.87792968749999	1.176080703735352	0.099996238946915	0.099996238946915	17.55793401924722
5162.91992187499999	1.176082611083984	0.099996276199818	0.099996276199818	17.55793401924722
5162.96191406249999	1.176067352294922	0.099996253848076	0.099996253848076	17.55793401924722
5163.00488281249999	1.17607307434082	0.099996276199818	0.099996276199818	17.55793401924722
5163.04687499999999	1.17607307434082	0.099996268749237	0.099996268749237	17.55793401924722
5163.08886718749999	1.176069259643555	0.099996320903301	0.099996320903301	17.55793401924722
5163.13183593749999	1.176069259643555	0.099996283650398	0.099996283650398	17.55793401924722
5163.17382812499999	1.176063537597656	0.099996320903301	0.099996320903301	17.55793401924722
5163.21582031249999	1.176042556762695	0.099996328353882	0.099996328353882	17.55793401924722
5163.25781249999999	1.176067352294922	0.099996268749237	0.099996268749237	17.55793401924722
5163.30078124999999	1.176048278808594	0.099996298551559	0.099996298551559	17.55793401924722
5163.34277343749999	1.176054000854492	0.099996298551559	0.099996298551559	17.55793401924722
5163.38476562499999	1.176055908203125	0.099996268749237	0.099996268749237	17.55793401924722
5163.42675781249999	1.176067352294922	0.099996276199818	0.099996276199818	17.55793401924722
5163.46972656249999	1.176059722900391	0.099996335804462	0.099996335804462	17.55793401924722
5163.51171874999999	1.176042556762695	0.099996313452721	0.099996313452721	17.55793401924722
5163.55371093749999	1.176031112670898	0.099996276199818	0.099996276199818	17.55793401924722
5163.59570312499999	1.176033020019531	0.099996268749237	0.099996268749237	17.55793401924722
5163.63867187499999	1.176025390625	0.099996283650398	0.099996283650398	17.55793401924722
5163.68066406249999	1.176023483276367	0.099996268749237	0.099996268749237	17.55793401924722
5163.72265624999999	1.176029205322266	0.099996268749237	0.099996268749237	17.55793401924722
5163.76562499999999	1.176042556762695	0.099996320903301	0.099996320903301	17.55793401924722
5163.80761718749999	1.176019668579102	0.099996328353882	0.099996328353882	17.55793401924722
5163.84960937499999	1.176029205322266	0.099996335804462	0.099996335804462	17.55793401924722
5163.89160156249999	1.176019668579102	0.099996313452721	0.099996313452721	17.55793401924722
5163.93457031249999	1.176010131835937	0.099996313452721	0.099996313452721	17.55793401924722
5163.97656249999999	1.176034927368164	0.099996313452721	0.099996313452721	17.55793401924722
5164.01855468749999	1.176010131835937	0.099996358156204	0.099996358156204	17.55793401924722
5164.06054687499999	1.176017761230469	0.099996335804462	0.099996335804462	17.55793401924722
5164.10351562499999	1.176000595092773	0.099996283650398	0.099996283650398	17.55793401924722
5164.14550781249999	1.176031112670898	0.099996246397495	0.099996246397495	17.55793401924722
5164.18749999999999	1.176036834716797	0.09999630600214	0.09999630600214	17.55793401924722
5164.22949218749999	1.176006317138672	0.099996298551559	0.099996298551559	17.55793401924722
5164.27246093749999	1.175987243652344	0.099996253848076	0.099996253848076	17.55793401924722
5164.31445312499999	1.175992965698242	0.099996380507946	0.099996380507946	17.55793401924722
5164.35644531249999	1.175991058349609	0.099996291100979	0.099996291100979	17.55793401924722
5164.39941406249999	1.17597770690918	0.099996343255043	0.099996343255043	17.55793401924722
5164.44140624999999	1.175992965698242	0.099996261298656	0.099996261298656	17.55793401924722
5164.48339843749999	1.175992965698242	0.099996261298656	0.099996261298656	17.55793401924722
5164.52539062499999	1.17597770690918	0.099996283650398	0.099996283650398	17.55793401924722
5164.56835937499999	1.175968170166016	0.099996335804462	0.099996335804462	17.55793401924722
5164.61035156249999	1.175966262817383	0.099996380507946	0.099996380507946	17.55793401924722
5164.65234374999999	1.175970077514648	0.099996268749237	0.099996268749237	17.55793401924722
5164.69433593749999	1.17595100402832	0.099996283650398	0.099996283650398	17.55793401924722
5164.73730468749999	1.175954818725586	0.099996283650398	0.099996283650398	17.55793401924722
5164.77929687499999	1.175968170166016	0.099996261298656	0.099996261298656	17.55793401924722
5164.82128906249999	1.175941467285156	0.099996261298656	0.099996261298656	17.55793401924722
5164.86425781249999	1.175954818725586	0.099996261298656	0.099996261298656	17.55793401924722
5164.90624999999999	1.175930023193359	0.099996402859688	0.099996402859688	17.55793401924722
5164.94824218749999	1.175933837890625	0.099996246397495	0.099996246397495	17.55793401924722
5164.99023437499999	1.175930023193359	0.099996276199818	0.099996276199818	17.55793401924722
5165.03320312499999	1.175914764404297	0.099996320903301	0.099996320903301	17.55793401924722
5165.07519531249999	1.175910949707031	0.099996216595173	0.099996216595173	17.55793401924722
5165.11718749999999	1.175941467285156	0.099996283650398	0.099996283650398	17.55793401924722
5165.15917968749999	1.175924301147461	0.099996320903301	0.099996320903301	17.55793401924722
5165.20214843749999	1.175926208496094	0.099996261298656	0.099996261298656	17.55793401924722
5165.24414062499999	1.175907135009766	0.099996261298656	0.099996261298656	17.55793401924722
5165.28613281249999	1.175914764404297	0.099996320903301	0.099996320903301	17.55793401924722
5165.32812499999999	1.175901412963867	0.099996283650398	0.099996283650398	17.55793401924722
5165.37109374999999	1.175914764404297	0.099996283650398	0.099996283650398	17.55793401924722
5165.41308593749999	1.17591667175293	0.099996261298656	0.099996261298656	17.55793401924722
5165.45507812499999	1.175907135009766	0.099996313452721	0.099996313452721	17.55793401924722
5165.49707031249999	1.175886154174805	0.099996313452721	0.099996313452721	17.55793401924722
5165.54003906249999	1.175874710083008	0.099996365606785	0.099996365606785	17.55793401924722
5165.58203124999999	1.175924301147461	0.099996261298656	0.099996261298656	17.55793401924722
5165.62402343749999	1.175884246826172	0.099996343255043	0.099996343255043	17.55793401924722
5165.66601562499999	1.175884246826172	0.099996358156204	0.099996358156204	17.55793401924722
5165.70898437499999	1.175893783569336	0.099996209144592	0.099996209144592	17.55793401924722
5165.75097656249999	1.175891876220703	0.099996268749237	0.099996268749237	17.55793401924722
5165.79296874999999	1.175891876220703	0.099996268749237	0.099996268749237	17.55793401924722
5165.83496093749999	1.175880432128906	0.099996298551559	0.099996298551559	17.55793401924722
5165.87792968749999	1.175876617431641	0.099996246397495	0.099996246397495	17.55793401924722
5165.91992187499999	1.175868988037109	0.099996350705624	0.099996350705624	17.55793401924722
5165.96191406249999	1.175867080688477	0.099996276199818	0.099996276199818	17.55793401924722
5166.00390624999999	1.175840377807617	0.099996268749237	0.099996268749237	17.55793401924722
5166.04687499999999	1.175863265991211	0.099996253848076	0.099996253848076	17.55793401924722
5166.08886718749999	1.175851821899414	0.099996246397495	0.099996246397495	17.55793401924722
5166.13085937499999	1.175844192504883	0.099996238946915	0.099996238946915	17.55793401924722
5166.17382812499999	1.175851821899414	0.099996358156204	0.099996358156204	17.55793401924722
5166.21582031249999	1.17582893371582	0.099996238946915	0.099996238946915	17.55793401924722
5166.25781249999999	1.175851821899414	0.099996283650398	0.099996283650398	17.55793401924722
5166.29980468749999	1.175840377807617	0.099996231496334	0.099996231496334	17.55793401924722
5166.34277343749999	1.175838470458984	0.099996283650398	0.099996283650398	17.55793401924722
5166.38476562499999	1.175834655761719	0.099996268749237	0.099996268749237	17.55793401924722
5166.42675781249999	1.175840377807617	0.099996261298656	0.099996261298656	17.55793401924722
5166.46874999999999	1.175838470458984	0.099996209144592	0.099996209144592	17.55793401924722
5166.51171874999999	1.175806045532227	0.099996209144592	0.099996209144592	17.55793401924722
5166.55371093749999	1.175830841064453	0.099996261298656	0.099996261298656	17.55793401924722
5166.59570312499999	1.175821304321289	0.099996216595173	0.099996216595173	17.55793401924722
5166.63769531249999	1.175838470458984	0.09999630600214	0.09999630600214	17.55793401924722
5166.68066406249999	1.175807952880859	0.099996201694012	0.099996201694012	17.55793401924722
5166.72265624999999	1.175807952880859	0.099996224045753	0.099996224045753	17.55793401924722
5166.76464843749999	1.175790786743164	0.099996268749237	0.099996268749237	17.55793401924722
5166.80761718749999	1.175790786743164	0.099996276199818	0.099996276199818	17.55793401924722
5166.84960937499999	1.175804138183594	0.099996209144592	0.099996209144592	17.55793401924722
5166.89160156249999	1.17579460144043	0.099996313452721	0.099996313452721	17.55793401924722
5166.93359374999999	1.17579460144043	0.099996224045753	0.099996224045753	17.55793401924722
5166.97656249999999	1.175790786743164	0.099996246397495	0.099996246397495	17.55793401924722
5167.01855468749999	1.175771713256836	0.099996253848076	0.099996253848076	17.55793401924722
5167.06054687499999	1.175792694091797	0.099996283650398	0.099996283650398	17.55793401924722
5167.10253906249999	1.175764083862305	0.099996246397495	0.099996246397495	17.55793401924722
5167.14550781249999	1.175786972045898	0.099996194243431	0.099996194243431	17.55793401924722
5167.18749999999999	1.175790786743164	0.099996276199818	0.099996276199818	17.55793401924722
5167.22949218749999	1.175775527954102	0.099996238946915	0.099996238946915	17.55793401924722
5167.27148437499999	1.175777435302734	0.099996291100979	0.099996291100979	17.55793401924722
5167.31445312499999	1.175777435302734	0.099996335804462	0.099996335804462	17.55793401924722
5167.35644531249999	1.175785064697266	0.099996298551559	0.099996298551559	17.55793401924722
5167.39843749999999	1.175762176513672	0.099996238946915	0.099996238946915	17.55793401924722
5167.44140624999999	1.175758361816406	0.099996268749237	0.099996268749237	17.55793401924722
5167.48339843749999	1.175754547119141	0.099996313452721	0.099996313452721	17.55793401924722
5167.52539062499999	1.175773620605469	0.099996283650398	0.099996283650398	17.55793401924722
5167.56738281249999	1.175762176513672	0.099996268749237	0.099996268749237	17.55793401924722
5167.61035156249999	1.175773620605469	0.099996268749237	0.099996268749237	17.55793401924722
5167.65234374999999	1.175735473632812	0.099996209144592	0.099996209144592	17.55793401924722
5167.69433593749999	1.175765991210937	0.099996231496334	0.099996231496334	17.55793401924722
5167.73632812499999	1.175754547119141	0.099996298551559	0.099996298551559	17.55793401924722
5167.77929687499999	1.175756454467773	0.099996224045753	0.099996224045753	17.55793401924722
5167.82128906249999	1.175727844238281	0.099996201694012	0.099996201694012	17.55793401924722
5167.86328124999999	1.175741195678711	0.099996261298656	0.099996261298656	17.55793401924722
5167.90624999999999	1.175722122192383	0.09999630600214	0.09999630600214	17.55793401924722
5167.94824218749999	1.17572021484375	0.099996246397495	0.099996246397495	17.55793401924722
5167.99023437499999	1.175745010375977	0.099996268749237	0.099996268749237	17.55793401924722
5168.03222656249999	1.175750732421875	0.099996320903301	0.099996320903301	17.55793401924722
5168.07519531249999	1.17572021484375	0.099996231496334	0.099996231496334	17.55793401924722
5168.11718749999999	1.175735473632812	0.099996231496334	0.099996231496334	17.55793401924722
5168.15917968749999	1.175760269165039	0.099996164441109	0.099996164441109	17.55793401924722
5168.20117187499999	1.175756454467773	0.099996201694012	0.099996201694012	17.55793401924722
5168.24414062499999	1.175729751586914	0.099996298551559	0.099996298551559	17.55793401924722
5168.28613281249999	1.175731658935547	0.099996231496334	0.099996231496334	17.55793401924722
5168.32812499999999	1.175714492797852	0.099996201694012	0.099996201694012	17.55793401924722
5168.37109374999999	1.175710678100586	0.099996231496334	0.099996231496334	17.55793401924722
5168.41308593749999	1.175714492797852	0.099996238946915	0.099996238946915	17.55793401924722
5168.45507812499999	1.175718307495117	0.099996343255043	0.099996343255043	17.55793401924722
5168.49707031249999	1.175712585449219	0.099996224045753	0.099996224045753	17.55793401924722
5168.54003906249999	1.175722122192383	0.099996276199818	0.099996276199818	17.55793401924722
5168.58203124999999	1.175718307495117	0.099996268749237	0.099996268749237	17.55793401924722
5168.62402343749999	1.175695419311523	0.099996268749237	0.099996268749237	17.55793401924722
5168.66601562499999	1.175689697265625	0.099996194243431	0.099996194243431	17.55793401924722
5168.70898437499999	1.175703048706055	0.099996261298656	0.099996261298656	17.55793401924722
5168.75097656249999	1.175703048706055	0.099996246397495	0.099996246397495	17.55793401924722
5168.79296874999999	1.175683975219727	0.099996231496334	0.099996231496334	17.55793401924722
5168.83496093749999	1.175680160522461	0.099996238946915	0.099996238946915	17.55793401924722
5168.87792968749999	1.175680160522461	0.099996231496334	0.099996231496334	17.55793401924722
5168.91992187499999	1.17567253112793	0.099996238946915	0.099996238946915	17.55793401924722
5168.96191406249999	1.175670623779297	0.099996268749237	0.099996268749237	17.55793401924722
5169.00390624999999	1.175676345825195	0.099996276199818	0.099996276199818	17.55793401924722
5169.04687499999999	1.175682067871094	0.099996261298656	0.099996261298656	17.55793401924722
5169.08886718749999	1.175657272338867	0.099996231496334	0.099996231496334	17.55793401924722
5169.13085937499999	1.175662994384766	0.099996298551559	0.099996298551559	17.55793401924722
5169.17285156249999	1.175662994384766	0.099996231496334	0.099996231496334	17.55793401924722
5169.21582031249999	1.175666809082031	0.099996261298656	0.099996261298656	17.55793401924722
5169.25781249999999	1.175676345825195	0.099996238946915	0.099996238946915	17.55793401924722
5169.29980468749999	1.175689697265625	0.099996268749237	0.099996268749237	17.55793401924722
5169.34179687499999	1.175649642944336	0.099996231496334	0.099996231496334	17.55793401924722
5169.38476562499999	1.175640106201172	0.099996231496334	0.099996231496334	17.55793401924722
5169.42675781249999	1.175638198852539	0.099996283650398	0.099996283650398	17.55793401924722
5169.46874999999999	1.175638198852539	0.099996216595173	0.099996216595173	17.55793401924722
5169.51074218749999	1.17564582824707	0.099996171891689	0.099996171891689	17.55793401924722
5169.55371093749999	1.175643920898437	0.099996231496334	0.099996231496334	17.55793401924722
5169.59570312499999	1.175651550292969	0.099996224045753	0.099996224045753	17.55793401924722
5169.63769531249999	1.175642013549805	0.099996164441109	0.099996164441109	17.55793401924722
5169.67968749999999	1.175628662109375	0.099996238946915	0.099996238946915	17.55793401924722
5169.72265624999999	1.175638198852539	0.099996194243431	0.099996194243431	17.55793401924722
5169.76464843749999	1.175626754760742	0.099996298551559	0.099996298551559	17.55793401924722
5169.80664062499999	1.17559814453125	0.099996283650398	0.099996283650398	17.55793401924722
5169.84863281249999	1.175626754760742	0.099996238946915	0.099996238946915	17.55793401924722
5169.89160156249999	1.175617218017578	0.099996246397495	0.099996246397495	17.55793401924722
5169.93359374999999	1.175613403320312	0.099996201694012	0.099996201694012	17.55793401924722
5169.97558593749999	1.175619125366211	0.099996246397495	0.099996246397495	17.55793401924722
5170.01855468749999	1.175628662109375	0.099996164441109	0.099996164441109	17.55793401924722
5170.06054687499999	1.175609588623047	0.099996298551559	0.099996298551559	17.55793401924722
5170.10253906249999	1.175609588623047	0.099996209144592	0.099996209144592	17.55793401924722
5170.14453124999999	1.175601959228516	0.099996238946915	0.099996238946915	17.55793401924722
5170.18749999999999	1.175600051879883	0.099996268749237	0.099996268749237	17.55793401924722
5170.22949218749999	1.175582885742187	0.099996238946915	0.099996238946915	17.55793401924722
5170.27148437499999	1.175605773925781	0.099996209144592	0.099996209144592	17.55793401924722
5170.31347656249999	1.17558479309082	0.099996253848076	0.099996253848076	17.55793401924722
5170.35644531249999	1.175580978393555	0.099996253848076	0.099996253848076	17.55793401924722
5170.39843749999999	1.175586700439453	0.099996209144592	0.099996209144592	17.55793401924722
5170.44042968749999	1.175577163696289	0.099996164441109	0.099996164441109	17.55793401924722
5170.48242187499999	1.175582885742187	0.09999618679285	0.09999618679285	17.55793401924722
5170.52539062499999	1.175571441650391	0.099996261298656	0.099996261298656	17.55793401924722
5170.56738281249999	1.175577163696289	0.099996209144592	0.099996209144592	17.55793401924722
5170.60937499999999	1.175582885742187	0.099996261298656	0.099996261298656	17.55793401924722
5170.65234374999999	1.175554275512695	0.099996194243431	0.099996194243431	17.55793401924722
5170.69433593749999	1.175575256347656	0.099996246397495	0.099996246397495	17.55793401924722
5170.73632812499999	1.175571441650391	0.099996224045753	0.099996224045753	17.55793401924722
5170.77832031249999	1.175569534301758	0.099996224045753	0.099996224045753	17.55793401924722
5170.82128906249999	1.175539016723633	0.099996276199818	0.099996276199818	17.55793401924722
5170.86328124999999	1.175546646118164	0.099996224045753	0.099996224045753	17.55793401924722
5170.90527343749999	1.175548553466797	0.099996224045753	0.099996224045753	17.55793401924722
5170.94726562499999	1.175533294677734	0.09999618679285	0.09999618679285	17.55793401924722
5170.99023437499999	1.175539016723633	0.099996201694012	0.099996201694012	17.55793401924722
5171.03222656249999	1.175531387329102	0.099996253848076	0.099996253848076	17.55793401924722
5171.07421874999999	1.175519943237305	0.099996276199818	0.099996276199818	17.55793401924722
5171.11718749999999	1.175529479980469	0.099996298551559	0.099996298551559	17.55793401924722
5171.15917968749999	1.175518035888672	0.099996209144592	0.099996209144592	17.55793401924722
5171.20117187499999	1.175506591796875	0.099996231496334	0.099996231496334	17.55793401924722
5171.24316406249999	1.175516128540039	0.099996231496334	0.099996231496334	17.55793401924722
5171.28613281249999	1.17552375793457	0.09999618679285	0.09999618679285	17.55793401924722
5171.32812499999999	1.175512313842773	0.099996209144592	0.099996209144592	17.55793401924722
5171.37011718749999	1.175508499145508	0.099996194243431	0.099996194243431	17.55793401924722
5171.41210937499999	1.175502777099609	0.09999618679285	0.09999618679285	17.55793401924722
5171.45507812499999	1.175500869750977	0.099996216595173	0.099996216595173	17.55793401924722
5171.49707031249999	1.175502777099609	0.099996194243431	0.099996194243431	17.55793401924722
5171.53906249999999	1.175512313842773	0.099996216595173	0.099996216595173	17.55793401924722
5171.58105468749999	1.175510406494141	0.099996201694012	0.099996201694012	17.55793401924722
5171.62402343749999	1.175500869750977	0.099996283650398	0.099996283650398	17.55793401924722
5171.66601562499999	1.175497055053711	0.099996253848076	0.099996253848076	17.55793401924722
5171.70800781249999	1.175498962402344	0.099996238946915	0.099996238946915	17.55793401924722
5171.74999999999999	1.17548942565918	0.099996261298656	0.099996261298656	17.55793401924722
5171.79296874999999	1.175485610961914	0.099996253848076	0.099996253848076	17.55793401924722
5171.83496093749999	1.17548942565918	0.099996238946915	0.099996238946915	17.55793401924722
5171.87695312499999	1.175466537475586	0.099996276199818	0.099996276199818	17.55793401924722
5171.91894531249999	1.175483703613281	0.099996283650398	0.099996283650398	17.55793401924722
5171.96191406249999	1.175468444824219	0.09999618679285	0.09999618679285	17.55793401924722
5172.00390624999999	1.175479888916016	0.099996224045753	0.099996224045753	17.55793401924722
5172.04589843749999	1.175460815429687	0.099996238946915	0.099996238946915	17.55793401924722
5172.08789062499999	1.175464630126953	0.099996387958527	0.099996387958527	17.55793401924722
5172.13085937499999	1.175483703613281	0.09999630600214	0.09999630600214	17.55793401924722
5172.17285156249999	1.175474166870117	0.099996216595173	0.099996216595173	17.55793401924722
5172.21484374999999	1.175460815429687	0.099996291100979	0.099996291100979	17.55793401924722
5172.25683593749999	1.175460815429687	0.099996261298656	0.099996261298656	17.55793401924722
5172.29980468749999	1.175451278686523	0.099996268749237	0.099996268749237	17.55793401924722
5172.34179687499999	1.175460815429687	0.099996268749237	0.099996268749237	17.55793401924722
5172.38378906249999	1.175449371337891	0.099996268749237	0.099996268749237	17.55793401924722
5172.42578124999999	1.175439834594727	0.099996261298656	0.099996261298656	17.55793401924722
5172.46874999999999	1.175436019897461	0.099996320903301	0.099996320903301	17.55793401924722
5172.51074218749999	1.175422668457031	0.099996283650398	0.099996283650398	17.55793401924722
5172.55273437499999	1.175416946411133	0.099996231496334	0.099996231496334	17.55793401924722
5172.59570312499999	1.175432205200195	0.099996298551559	0.099996298551559	17.55793401924722
5172.63769531249999	1.175426483154297	0.099996350705624	0.099996350705624	17.55793401924722
5172.67968749999999	1.175434112548828	0.099996298551559	0.099996298551559	17.55793401924722
5172.72167968749999	1.175416946411133	0.099996261298656	0.099996261298656	17.55793401924722
5172.76464843749999	1.175436019897461	0.099996231496334	0.099996231496334	17.55793401924722
5172.80664062499999	1.175432205200195	0.099996276199818	0.099996276199818	17.55793401924722
5172.84863281249999	1.175416946411133	0.099996298551559	0.099996298551559	17.55793401924722
5172.89062499999999	1.175436019897461	0.099996238946915	0.099996238946915	17.55793401924722
5172.93359374999999	1.175420761108398	0.099996261298656	0.099996261298656	17.55793401924722
5172.97558593749999	1.17540168762207	0.09999630600214	0.09999630600214	17.55793401924722
5173.01757812499999	1.175411224365234	0.099996343255043	0.099996343255043	17.55793401924722
5173.05957031249999	1.175407409667969	0.099996283650398	0.099996283650398	17.55793401924722
5173.10253906249999	1.175397872924805	0.099996320903301	0.099996320903301	17.55793401924722
5173.14453124999999	1.175373077392578	0.099996291100979	0.099996291100979	17.55793401924722
5173.18652343749999	1.175407409667969	0.099996335804462	0.099996335804462	17.55793401924722
5173.22949218749999	1.175397872924805	0.099996380507946	0.099996380507946	17.55793401924722
5173.27148437499999	1.175386428833008	0.099996276199818	0.099996276199818	17.55793401924722
5173.31347656249999	1.175386428833008	0.099996373057365	0.099996373057365	17.55793401924722
5173.35546874999999	1.175376892089844	0.099996320903301	0.099996320903301	17.55793401924722
5173.39843749999999	1.175384521484375	0.099996313452721	0.099996313452721	17.55793401924722
5173.44042968749999	1.175386428833008	0.099996291100979	0.099996291100979	17.55793401924722
5173.48242187499999	1.175386428833008	0.099996320903301	0.099996320903301	17.55793401924722
5173.52441406249999	1.175394058227539	0.099996283650398	0.099996283650398	17.55793401924722
5173.56738281249999	1.175403594970703	0.099996365606785	0.099996365606785	17.55793401924722
5173.60937499999999	1.175413131713867	0.099996268749237	0.099996268749237	17.55793401924722
5173.65136718749999	1.175378799438477	0.099996238946915	0.099996238946915	17.55793401924722
5173.69335937499999	1.175397872924805	0.09999630600214	0.09999630600214	17.55793401924722
5173.73632812499999	1.175380706787109	0.099996246397495	0.099996246397495	17.55793401924722
5173.77832031249999	1.17536735534668	0.099996283650398	0.099996283650398	17.55793401924722
5173.82031249999999	1.175373077392578	0.099996246397495	0.099996246397495	17.55793401924722
5173.86328124999999	1.175371170043945	0.099996261298656	0.099996261298656	17.55793401924722
5173.90527343749999	1.175374984741211	0.099996231496334	0.099996231496334	17.55793401924722
5173.94726562499999	1.175384521484375	0.099996261298656	0.099996261298656	17.55793401924722
5173.98925781249999	1.175361633300781	0.099996253848076	0.099996253848076	17.55793401924722
5174.03222656249999	1.17536735534668	0.099996209144592	0.099996209144592	17.55793401924722
5174.07421874999999	1.175336837768555	0.099996164441109	0.099996164441109	17.55793401924722
5174.11621093749999	1.175342559814453	0.099996268749237	0.099996268749237	17.55793401924722
5174.15820312499999	1.175344467163086	0.099996231496334	0.099996231496334	17.55793401924722
5174.20117187499999	1.175336837768555	0.099996261298656	0.099996261298656	17.55793401924722
5174.24316406249999	1.175348281860352	0.099996283650398	0.099996283650398	17.55793401924722
5174.28515624999999	1.175350189208984	0.099996268749237	0.099996268749237	17.55793401924722
5174.32812499999999	1.175346374511719	0.099996320903301	0.099996320903301	17.55793401924722
5174.37011718749999	1.175355911254883	0.099996194243431	0.099996194243431	17.55793401924722
5174.41210937499999	1.175350189208984	0.099996224045753	0.099996224045753	17.55793401924722
5174.45410156249999	1.175348281860352	0.099996261298656	0.099996261298656	17.55793401924722
5174.49707031249999	1.175359725952148	0.099996156990528	0.099996156990528	17.55793401924722
5174.53906249999999	1.17535400390625	0.099996231496334	0.099996231496334	17.55793401924722
5174.58105468749999	1.17534065246582	0.099996171891689	0.099996171891689	17.55793401924722
5174.62304687499999	1.17534065246582	0.099996261298656	0.099996261298656	17.55793401924722
5174.66601562499999	1.175344467163086	0.099996224045753	0.099996224045753	17.55793401924722
5174.70800781249999	1.175327301025391	0.099996268749237	0.099996268749237	17.55793401924722
5174.74999999999999	1.175317764282227	0.099996283650398	0.099996283650398	17.55793401924722
5174.79199218749999	1.175331115722656	0.099996283650398	0.099996283650398	17.55793401924722
5174.83496093749999	1.175312042236328	0.099996268749237	0.099996268749237	17.55793401924722
5174.87695312499999	1.175312042236328	0.099996246397495	0.099996246397495	17.55793401924722
5174.91894531249999	1.175317764282227	0.099996209144592	0.099996209144592	17.55793401924722
5174.96191406249999	1.175296783447266	0.099996261298656	0.099996261298656	17.55793401924722
5175.00390624999999	1.175291061401367	0.099996276199818	0.099996276199818	17.55793401924722
5175.04589843749999	1.175291061401367	0.099996246397495	0.099996246397495	17.55793401924722
5175.08789062499999	1.175294876098633	0.099996283650398	0.099996283650398	17.55793401924722
5175.13085937499999	1.175294876098633	0.099996261298656	0.099996261298656	17.55793401924722
5175.17285156249999	1.175291061401367	0.099996238946915	0.099996238946915	17.55793401924722
5175.21484374999999	1.175291061401367	0.099996283650398	0.099996283650398	17.55793401924722
5175.25683593749999	1.175287246704102	0.099996320903301	0.099996320903301	17.55793401924722
5175.29980468749999	1.175281524658203	0.09999630600214	0.09999630600214	17.55793401924722
5175.34179687499999	1.175287246704102	0.099996268749237	0.099996268749237	17.55793401924722
5175.38378906249999	1.17529296875	0.099996291100979	0.099996291100979	17.55793401924722
5175.42578124999999	1.175281524658203	0.099996224045753	0.099996224045753	17.55793401924722
5175.46874999999999	1.175300598144531	0.099996268749237	0.099996268749237	17.55793401924722
5175.51074218749999	1.17529296875	0.099996313452721	0.099996313452721	17.55793401924722
5175.55273437499999	1.17529296875	0.099996365606785	0.099996365606785	17.55793401924722
5175.59472656249999	1.175281524658203	0.099996216595173	0.099996216595173	17.55793401924722
5175.63769531249999	1.175296783447266	0.099996261298656	0.099996261298656	17.55793401924722
5175.67968749999999	1.175281524658203	0.099996261298656	0.099996261298656	17.55793401924722
5175.72167968749999	1.175271987915039	0.099996283650398	0.099996283650398	17.55793401924722
5175.76367187499999	1.175277709960937	0.099996313452721	0.099996313452721	17.55793401924722
5175.80664062499999	1.175273895263672	0.099996335804462	0.099996335804462	17.55793401924722
5175.84863281249999	1.175258636474609	0.099996216595173	0.099996216595173	17.55793401924722
5175.89062499999999	1.175254821777344	0.099996261298656	0.099996261298656	17.55793401924722
5175.93261718749999	1.175268173217773	0.099996231496334	0.099996231496334	17.55793401924722
5175.97558593749999	1.175258636474609	0.09999630600214	0.09999630600214	17.55793401924722
5176.01757812499999	1.175235748291016	0.099996231496334	0.099996231496334	17.55793401924722
5176.05957031249999	1.175237655639648	0.099996268749237	0.099996268749237	17.55793401924722
5176.10156249999999	1.175233840942383	0.099996358156204	0.099996358156204	17.55793401924722
5176.14453124999999	1.175228118896484	0.099996320903301	0.099996320903301	17.55793401924722
5176.18652343749999	1.175241470336914	0.099996320903301	0.099996320903301	17.55793401924722
5176.22851562499999	1.175239562988281	0.099996373057365	0.099996373057365	17.55793401924722
5176.27050781249999	1.175222396850586	0.099996335804462	0.099996335804462	17.55793401924722
5176.31347656249999	1.175214767456055	0.099996402859688	0.099996402859688	17.55793401924722
5176.35546874999999	1.175237655639648	0.099996320903301	0.099996320903301	17.55793401924722
5176.39746093749999	1.175241470336914	0.099996380507946	0.099996380507946	17.55793401924722
5176.43945312499999	1.175214767456055	0.09999630600214	0.09999630600214	17.55793401924722
5176.48242187499999	1.175220489501953	0.099996298551559	0.099996298551559	17.55793401924722
5176.52441406249999	1.17523193359375	0.099996358156204	0.099996358156204	17.55793401924722
5176.56640624999999	1.17521858215332	0.099996283650398	0.099996283650398	17.55793401924722
5176.60839843749999	1.17523193359375	0.099996291100979	0.099996291100979	17.55793401924722
5176.65136718749999	1.175210952758789	0.099996373057365	0.099996373057365	17.55793401924722
5176.69335937499999	1.175212860107422	0.099996365606785	0.099996365606785	17.55793401924722
5176.73535156249999	1.17521858215332	0.09999630600214	0.09999630600214	17.55793401924722
5176.77832031249999	1.175214767456055	0.099996350705624	0.099996350705624	17.55793401924722
5176.82031249999999	1.175195693969727	0.099996268749237	0.099996268749237	17.55793401924722
5176.86230468749999	1.175201416015625	0.099996283650398	0.099996283650398	17.55793401924722
5176.90429687499999	1.175205230712891	0.099996298551559	0.099996298551559	17.55793401924722
5176.94726562499999	1.175205230712891	0.099996276199818	0.099996276199818	17.55793401924722
5176.98925781249999	1.175210952758789	0.099996320903301	0.099996320903301	17.55793401924722
5177.03124999999999	1.17521858215332	0.099996283650398	0.099996283650398	17.55793401924722
5177.07324218749999	1.175222396850586	0.099996298551559	0.099996298551559	17.55793401924722
5177.11621093749999	1.175214767456055	0.099996268749237	0.099996268749237	17.55793401924722
5177.15820312499999	1.175212860107422	0.09999630600214	0.09999630600214	17.55793401924722
5177.20019531249999	1.175214767456055	0.099996320903301	0.099996320903301	17.55793401924722
5177.24316406249999	1.175216674804687	0.099996320903301	0.099996320903301	17.55793401924722
5177.28515624999999	1.175210952758789	0.09999630600214	0.09999630600214	17.55793401924722
5177.32714843749999	1.175209045410156	0.099996283650398	0.099996283650398	17.55793401924722
5177.36914062499999	1.175191879272461	0.099996335804462	0.099996335804462	17.55793401924722
5177.41210937499999	1.175201416015625	0.099996268749237	0.099996268749237	17.55793401924722
5177.45410156249999	1.175203323364258	0.099996320903301	0.099996320903301	17.55793401924722
5177.49609374999999	1.175197601318359	0.099996276199818	0.099996276199818	17.55793401924722
5177.53808593749999	1.175191879272461	0.099996328353882	0.099996328353882	17.55793401924722
5177.58105468749999	1.175197601318359	0.099996276199818	0.099996276199818	17.55793401924722
5177.62304687499999	1.175195693969727	0.099996231496334	0.099996231496334	17.55793401924722
5177.66503906249999	1.175188064575195	0.09999630600214	0.09999630600214	17.55793401924722
5177.70703124999999	1.175174713134766	0.09999630600214	0.09999630600214	17.55793401924722
5177.74999999999999	1.175168991088867	0.099996261298656	0.099996261298656	17.55793401924722
5177.79199218749999	1.175182342529297	0.099996276199818	0.099996276199818	17.55793401924722
5177.83398437499999	1.1751708984375	0.099996313452721	0.099996313452721	17.55793401924722
5177.87695312499999	1.175172805786133	0.099996298551559	0.099996298551559	17.55793401924722
5177.91894531249999	1.175188064575195	0.099996246397495	0.099996246397495	17.55793401924722
5177.96093749999999	1.175199508666992	0.099996246397495	0.099996246397495	17.55793401924722
5178.00292968749999	1.175178527832031	0.099996224045753	0.099996224045753	17.55793401924722
5178.04589843749999	1.175186157226562	0.099996328353882	0.099996328353882	17.55793401924722
5178.08789062499999	1.175165176391602	0.09999630600214	0.09999630600214	17.55793401924722
5178.12988281249999	1.175168991088867	0.099996283650398	0.099996283650398	17.55793401924722
5178.17187499999999	1.175155639648437	0.099996246397495	0.099996246397495	17.55793401924722
5178.21484374999999	1.17515754699707	0.099996343255043	0.099996343255043	17.55793401924722
5178.25683593749999	1.175155639648437	0.099996320903301	0.099996320903301	17.55793401924722
5178.29882812499999	1.175161361694336	0.099996276199818	0.099996276199818	17.55793401924722
5178.34082031249999	1.175155639648437	0.099996246397495	0.099996246397495	17.55793401924722
5178.38378906249999	1.175148010253906	0.099996343255043	0.099996343255043	17.55793401924722
5178.42578124999999	1.175149917602539	0.099996328353882	0.099996328353882	17.55793401924722
5178.46777343749999	1.175151824951172	0.099996216595173	0.099996216595173	17.55793401924722
5178.51074218749999	1.175138473510742	0.099996335804462	0.099996335804462	17.55793401924722
5178.55273437499999	1.175144195556641	0.09999630600214	0.09999630600214	17.55793401924722
5178.59472656249999	1.175138473510742	0.099996253848076	0.099996253848076	17.55793401924722
5178.63671874999999	1.175148010253906	0.099996238946915	0.099996238946915	17.55793401924722
5178.67968749999999	1.175148010253906	0.099996231496334	0.099996231496334	17.55793401924722
5178.72167968749999	1.175128936767578	0.099996261298656	0.099996261298656	17.55793401924722
5178.76367187499999	1.175134658813477	0.099996276199818	0.099996276199818	17.55793401924722
5178.80566406249999	1.175138473510742	0.099996276199818	0.099996276199818	17.55793401924722
5178.84863281249999	1.175125122070312	0.099996238946915	0.099996238946915	17.55793401924722
5178.89062499999999	1.175130844116211	0.09999618679285	0.09999618679285	17.55793401924722
5178.93261718749999	1.175138473510742	0.099996171891689	0.099996171891689	17.55793401924722
5178.97460937499999	1.175138473510742	0.09999630600214	0.09999630600214	17.55793401924722
5179.01757812499999	1.175115585327148	0.099996171891689	0.099996171891689	17.55793401924722
5179.05957031249999	1.175132751464844	0.099996171891689	0.099996171891689	17.55793401924722
5179.10156249999999	1.175128936767578	0.099996224045753	0.099996224045753	17.55793401924722
5179.14355468749999	1.175127029418945	0.099996231496334	0.099996231496334	17.55793401924722
5179.18652343749999	1.175130844116211	0.099996194243431	0.099996194243431	17.55793401924722
5179.22851562499999	1.175119400024414	0.099996231496334	0.099996231496334	17.55793401924722
5179.27050781249999	1.175121307373047	0.09999618679285	0.09999618679285	17.55793401924722
5179.31249999999999	1.175111770629883	0.099996201694012	0.099996201694012	17.55793401924722
5179.35546874999999	1.175113677978516	0.099996194243431	0.099996194243431	17.55793401924722
5179.39746093749999	1.175107955932617	0.099996276199818	0.099996276199818	17.55793401924722
5179.43945312499999	1.175092697143555	0.099996246397495	0.099996246397495	17.55793401924722
5179.48242187499999	1.175107955932617	0.099996171891689	0.099996171891689	17.55793401924722
5179.52441406249999	1.175106048583984	0.099996283650398	0.099996283650398	17.55793401924722
5179.56640624999999	1.175106048583984	0.099996149539948	0.099996149539948	17.55793401924722
5179.60839843749999	1.175106048583984	0.099996231496334	0.099996231496334	17.55793401924722
5179.65136718749999	1.175102233886719	0.099996238946915	0.099996238946915	17.55793401924722
5179.69335937499999	1.175102233886719	0.099996253848076	0.099996253848076	17.55793401924722
5179.73535156249999	1.175092697143555	0.099996224045753	0.099996224045753	17.55793401924722
5179.77734374999999	1.175098419189453	0.099996253848076	0.099996253848076	17.55793401924722
5179.82031249999999	1.175081253051758	0.099996246397495	0.099996246397495	17.55793401924722
5179.86230468749999	1.175069808959961	0.099996246397495	0.099996246397495	17.55793401924722
5179.90429687499999	1.175079345703125	0.099996246397495	0.099996246397495	17.55793401924722
5179.94726562499999	1.175075531005859	0.099996261298656	0.099996261298656	17.55793401924722
5179.98925781249999	1.175064086914062	0.099996224045753	0.099996224045753	17.55793401924722
5180.03124999999999	1.175071716308594	0.099996224045753	0.099996224045753	17.55793401924722
5180.07324218749999	1.175056457519531	0.099996261298656	0.099996261298656	17.55793401924722
5180.11523437499999	1.17506217956543	0.099996201694012	0.099996201694012	17.55793401924722
5180.15820312499999	1.175056457519531	0.099996231496334	0.099996231496334	17.55793401924722
5180.20019531249999	1.175056457519531	0.099996171891689	0.099996171891689	17.55793401924722
5180.24218749999999	1.175039291381836	0.099996268749237	0.099996268749237	17.55793401924722
5180.28417968749999	1.175043106079102	0.099996224045753	0.099996224045753	17.55793401924722
5180.32714843749999	1.175046920776367	0.099996291100979	0.099996291100979	17.55793401924722
5180.36914062499999	1.175046920776367	0.099996283650398	0.099996283650398	17.55793401924722
5180.41113281249999	1.175029754638672	0.099996283650398	0.099996283650398	17.55793401924722
5180.45312499999999	1.175045013427734	0.099996231496334	0.099996231496334	17.55793401924722
5180.49609374999999	1.175043106079102	0.099996231496334	0.099996231496334	17.55793401924722
5180.53808593749999	1.175048828125	0.099996261298656	0.099996261298656	17.55793401924722
5180.58007812499999	1.175018310546875	0.099996209144592	0.099996209144592	17.55793401924722
5180.62207031249999	1.17503547668457	0.099996224045753	0.099996224045753	17.55793401924722
5180.66503906249999	1.175039291381836	0.099996231496334	0.099996231496334	17.55793401924722
5180.70703124999999	1.175020217895508	0.099996268749237	0.099996268749237	17.55793401924722
5180.74902343749999	1.175039291381836	0.09999617934227	0.09999617934227	17.55793401924722
5180.79101562499999	1.175041198730469	0.099996246397495	0.099996246397495	17.55793401924722
5180.83398437499999	1.175018310546875	0.099996224045753	0.099996224045753	17.55793401924722
5180.87597656249999	1.175014495849609	0.099996201694012	0.099996201694012	17.55793401924722
5180.91796874999999	1.175008773803711	0.099996194243431	0.099996194243431	17.55793401924722
5180.95996093749999	1.174999237060547	0.099996209144592	0.099996209144592	17.55793401924722
5181.00292968749999	1.175016403198242	0.099996224045753	0.099996224045753	17.55793401924722
5181.04492187499999	1.175010681152344	0.099996209144592	0.099996209144592	17.55793401924722
5181.08691406249999	1.17503547668457	0.099996216595173	0.099996216595173	17.55793401924722
5181.12890624999999	1.175031661987305	0.09999617934227	0.09999617934227	17.55793401924722
5181.17187499999999	1.175027847290039	0.099996194243431	0.099996194243431	17.55793401924722
5181.21386718749999	1.175012588500977	0.099996201694012	0.099996201694012	17.55793401924722
5181.25585937499999	1.175016403198242	0.099996194243431	0.099996194243431	17.55793401924722
5181.29785156249999	1.174995422363281	0.09999630600214	0.09999630600214	17.55793401924722
5181.34082031249999	1.175008773803711	0.099996209144592	0.099996209144592	17.55793401924722
5181.38281249999999	1.174993515014648	0.099996164441109	0.099996164441109	17.55793401924722
5181.42480468749999	1.174995422363281	0.099996238946915	0.099996238946915	17.55793401924722
5181.46679687499999	1.174991607666016	0.099996231496334	0.099996231496334	17.55793401924722
5181.50976562499999	1.174993515014648	0.099996149539948	0.099996149539948	17.55793401924722
5181.55175781249999	1.174991607666016	0.099996276199818	0.099996276199818	17.55793401924722
5181.59374999999999	1.174985885620117	0.099996194243431	0.099996194243431	17.55793401924722
5181.63574218749999	1.175004959106445	0.099996224045753	0.099996224045753	17.55793401924722
5181.67871093749999	1.174993515014648	0.09999618679285	0.09999618679285	17.55793401924722
5181.72070312499999	1.174980163574219	0.09999618679285	0.09999618679285	17.55793401924722
5181.76269531249999	1.175004959106445	0.09999617934227	0.09999617934227	17.55793401924722
5181.80468749999999	1.174989700317383	0.099996156990528	0.099996156990528	17.55793401924722
5181.84765624999999	1.174968719482422	0.099996224045753	0.099996224045753	17.55793401924722
5181.88964843749999	1.174942016601562	0.099996238946915	0.099996238946915	17.55793401924722
5181.93164062499999	1.174980163574219	0.099996156990528	0.099996156990528	17.55793401924722
5181.97363281249999	1.174953460693359	0.099996149539948	0.099996149539948	17.55793401924722
5182.01660156249999	1.174949645996094	0.099996224045753	0.099996224045753	17.55793401924722
5182.05859374999999	1.174945831298828	0.099996231496334	0.099996231496334	17.55793401924722
5182.10058593749999	1.174955368041992	0.099996164441109	0.099996164441109	17.55793401924722
5182.14355468749999	1.174953460693359	0.099996276199818	0.099996276199818	17.55793401924722
